0,-1,672,568,50,50,1,-1,-1,-1
0,-1,572,568,50,50,1,-1,-1,-1
0,-1,772,568,50,50,1,-1,-1,-1
1,-1,674,573,50,50,1,-1,-1,-1
1,-1,574,573,50,50,1,-1,-1,-1
1,-1,774,573,50,50,1,-1,-1,-1
2,-1,676,577,50,50,1,-1,-1,-1
2,-1,576,577,50,50,1,-1,-1,-1
2,-1,776,577,50,50,1,-1,-1,-1
3,-1,679,582,50,50,1,-1,-1,-1
3,-1,579,582,50,50,1,-1,-1,-1
3,-1,779,582,50,50,1,-1,-1,-1
4,-1,682,586,50,50,1,-1,-1,-1
4,-1,582,586,50,50,1,-1,-1,-1
4,-1,782,586,50,50,1,-1,-1,-1
5,-1,686,590,50,50,1,-1,-1,-1
5,-1,586,590,50,50,1,-1,-1,-1
5,-1,786,590,50,50,1,-1,-1,-1
6,-1,690,593,50,50,1,-1,-1,-1
6,-1,590,593,50,50,1,-1,-1,-1
6,-1,790,593,50,50,1,-1,-1,-1
7,-1,694,597,50,50,1,-1,-1,-1
7,-1,594,597,50,50,1,-1,-1,-1
7,-1,794,597,50,50,1,-1,-1,-1
8,-1,698,600,50,50,1,-1,-1,-1
8,-1,598,600,50,50,1,-1,-1,-1
8,-1,798,600,50,50,1,-1,-1,-1
9,-1,703,603,50,50,1,-1,-1,-1
9,-1,603,603,50,50,1,-1,-1,-1
9,-1,803,603,50,50,1,-1,-1,-1
10,-1,708,606,50,50,1,-1,-1,-1
10,-1,608,606,50,50,1,-1,-1,-1
10,-1,808,606,50,50,1,-1,-1,-1
11,-1,712,609,50,50,1,-1,-1,-1
11,-1,612,609,50,50,1,-1,-1,-1
11,-1,812,609,50,50,1,-1,-1,-1
12,-1,717,612,50,50,1,-1,-1,-1
12,-1,617,612,50,50,1,-1,-1,-1
12,-1,817,612,50,50,1,-1,-1,-1
13,-1,722,614,50,50,1,-1,-1,-1
13,-1,622,614,50,50,1,-1,-1,-1
13,-1,822,614,50,50,1,-1,-1,-1
14,-1,727,618,50,50,1,-1,-1,-1
14,-1,627,618,50,50,1,-1,-1,-1
14,-1,827,618,50,50,1,-1,-1,-1
15,-1,731,621,50,50,1,-1,-1,-1
15,-1,631,621,50,50,1,-1,-1,-1
15,-1,831,621,50,50,1,-1,-1,-1
16,-1,735,624,50,50,1,-1,-1,-1
16,-1,635,624,50,50,1,-1,-1,-1
16,-1,835,624,50,50,1,-1,-1,-1
17,-1,739,628,50,50,1,-1,-1,-1
17,-1,639,628,50,50,1,-1,-1,-1
17,-1,839,628,50,50,1,-1,-1,-1
18,-1,742,633,50,50,1,-1,-1,-1
18,-1,642,633,50,50,1,-1,-1,-1
18,-1,842,633,50,50,1,-1,-1,-1
19,-1,746,637,50,50,1,-1,-1,-1
19,-1,646,637,50,50,1,-1,-1,-1
19,-1,846,637,50,50,1,-1,-1,-1
20,-1,751,641,50,50,1,-1,-1,-1
20,-1,651,641,50,50,1,-1,-1,-1
20,-1,851,641,50,50,1,-1,-1,-1
21,-1,755,645,50,50,1,-1,-1,-1
21,-1,655,645,50,50,1,-1,-1,-1
21,-1,855,645,50,50,1,-1,-1,-1
22,-1,758,650,50,50,1,-1,-1,-1
22,-1,658,650,50,50,1,-1,-1,-1
22,-1,858,650,50,50,1,-1,-1,-1
23,-1,759,655,50,50,1,-1,-1,-1
23,-1,659,655,50,50,1,-1,-1,-1
23,-1,859,655,50,50,1,-1,-1,-1
24,-1,758,660,50,50,1,-1,-1,-1
24,-1,658,660,50,50,1,-1,-1,-1
24,-1,858,660,50,50,1,-1,-1,-1
25,-1,757,666,50,50,1,-1,-1,-1
25,-1,657,666,50,50,1,-1,-1,-1
25,-1,857,666,50,50,1,-1,-1,-1
26,-1,757,671,50,50,1,-1,-1,-1
26,-1,657,671,50,50,1,-1,-1,-1
26,-1,857,671,50,50,1,-1,-1,-1
27,-1,758,676,50,50,1,-1,-1,-1
27,-1,658,676,50,50,1,-1,-1,-1
27,-1,858,676,50,50,1,-1,-1,-1
28,-1,754,679,50,50,1,-1,-1,-1
28,-1,654,679,50,50,1,-1,-1,-1
28,-1,854,679,50,50,1,-1,-1,-1
29,-1,750,676,50,50,1,-1,-1,-1
29,-1,650,676,50,50,1,-1,-1,-1
29,-1,850,676,50,50,1,-1,-1,-1
30,-1,749,671,50,50,1,-1,-1,-1
30,-1,649,671,50,50,1,-1,-1,-1
30,-1,849,671,50,50,1,-1,-1,-1
31,-1,754,672,50,50,1,-1,-1,-1
31,-1,654,672,50,50,1,-1,-1,-1
31,-1,854,672,50,50,1,-1,-1,-1
32,-1,760,673,50,50,1,-1,-1,-1
32,-1,660,673,50,50,1,-1,-1,-1
32,-1,860,673,50,50,1,-1,-1,-1
33,-1,766,674,50,50,1,-1,-1,-1
33,-1,666,674,50,50,1,-1,-1,-1
33,-1,866,674,50,50,1,-1,-1,-1
34,-1,772,675,50,50,1,-1,-1,-1
34,-1,672,675,50,50,1,-1,-1,-1
34,-1,872,675,50,50,1,-1,-1,-1
35,-1,778,676,50,50,1,-1,-1,-1
35,-1,678,676,50,50,1,-1,-1,-1
35,-1,878,676,50,50,1,-1,-1,-1
36,-1,784,677,50,50,1,-1,-1,-1
36,-1,684,677,50,50,1,-1,-1,-1
36,-1,884,677,50,50,1,-1,-1,-1
37,-1,790,677,50,50,1,-1,-1,-1
37,-1,690,677,50,50,1,-1,-1,-1
37,-1,890,677,50,50,1,-1,-1,-1
38,-1,796,678,50,50,1,-1,-1,-1
38,-1,696,678,50,50,1,-1,-1,-1
38,-1,896,678,50,50,1,-1,-1,-1
39,-1,802,678,50,50,1,-1,-1,-1
39,-1,702,678,50,50,1,-1,-1,-1
39,-1,902,678,50,50,1,-1,-1,-1
40,-1,808,679,50,50,1,-1,-1,-1
40,-1,708,679,50,50,1,-1,-1,-1
40,-1,908,679,50,50,1,-1,-1,-1
41,-1,815,680,50,50,1,-1,-1,-1
41,-1,715,680,50,50,1,-1,-1,-1
41,-1,915,680,50,50,1,-1,-1,-1
42,-1,820,681,50,50,1,-1,-1,-1
42,-1,720,681,50,50,1,-1,-1,-1
42,-1,920,681,50,50,1,-1,-1,-1
43,-1,826,683,50,50,1,-1,-1,-1
43,-1,726,683,50,50,1,-1,-1,-1
43,-1,926,683,50,50,1,-1,-1,-1
44,-1,831,686,50,50,1,-1,-1,-1
44,-1,731,686,50,50,1,-1,-1,-1
44,-1,931,686,50,50,1,-1,-1,-1
45,-1,837,688,50,50,1,-1,-1,-1
45,-1,737,688,50,50,1,-1,-1,-1
45,-1,937,688,50,50,1,-1,-1,-1
46,-1,842,690,50,50,1,-1,-1,-1
46,-1,742,690,50,50,1,-1,-1,-1
46,-1,942,690,50,50,1,-1,-1,-1
47,-1,848,692,50,50,1,-1,-1,-1
47,-1,748,692,50,50,1,-1,-1,-1
47,-1,948,692,50,50,1,-1,-1,-1
48,-1,854,692,50,50,1,-1,-1,-1
48,-1,754,692,50,50,1,-1,-1,-1
48,-1,954,692,50,50,1,-1,-1,-1
49,-1,858,695,50,50,1,-1,-1,-1
49,-1,758,695,50,50,1,-1,-1,-1
49,-1,958,695,50,50,1,-1,-1,-1
50,-1,864,695,50,50,1,-1,-1,-1
50,-1,764,695,50,50,1,-1,-1,-1
50,-1,964,695,50,50,1,-1,-1,-1
51,-1,870,696,50,50,1,-1,-1,-1
51,-1,770,696,50,50,1,-1,-1,-1
51,-1,970,696,50,50,1,-1,-1,-1
52,-1,875,699,50,50,1,-1,-1,-1
52,-1,775,699,50,50,1,-1,-1,-1
52,-1,975,699,50,50,1,-1,-1,-1
53,-1,879,703,50,50,1,-1,-1,-1
53,-1,779,703,50,50,1,-1,-1,-1
53,-1,979,703,50,50,1,-1,-1,-1
54,-1,883,706,50,50,1,-1,-1,-1
54,-1,783,706,50,50,1,-1,-1,-1
54,-1,983,706,50,50,1,-1,-1,-1
55,-1,887,709,50,50,1,-1,-1,-1
55,-1,787,709,50,50,1,-1,-1,-1
55,-1,987,709,50,50,1,-1,-1,-1
56,-1,891,712,50,50,1,-1,-1,-1
56,-1,791,712,50,50,1,-1,-1,-1
56,-1,991,712,50,50,1,-1,-1,-1
57,-1,896,716,50,50,1,-1,-1,-1
57,-1,796,716,50,50,1,-1,-1,-1
57,-1,996,716,50,50,1,-1,-1,-1
58,-1,900,720,50,50,1,-1,-1,-1
58,-1,800,720,50,50,1,-1,-1,-1
58,-1,1000,720,50,50,1,-1,-1,-1
59,-1,903,723,50,50,1,-1,-1,-1
59,-1,803,723,50,50,1,-1,-1,-1
59,-1,1003,723,50,50,1,-1,-1,-1
60,-1,907,727,50,50,1,-1,-1,-1
60,-1,807,727,50,50,1,-1,-1,-1
60,-1,1007,727,50,50,1,-1,-1,-1
61,-1,911,731,50,50,1,-1,-1,-1
61,-1,811,731,50,50,1,-1,-1,-1
61,-1,1011,731,50,50,1,-1,-1,-1
62,-1,914,735,50,50,1,-1,-1,-1
62,-1,814,735,50,50,1,-1,-1,-1
62,-1,1014,735,50,50,1,-1,-1,-1
63,-1,918,739,50,50,1,-1,-1,-1
63,-1,818,739,50,50,1,-1,-1,-1
63,-1,1018,739,50,50,1,-1,-1,-1
64,-1,921,743,50,50,1,-1,-1,-1
64,-1,821,743,50,50,1,-1,-1,-1
64,-1,1021,743,50,50,1,-1,-1,-1
65,-1,924,747,50,50,1,-1,-1,-1
65,-1,824,747,50,50,1,-1,-1,-1
65,-1,1024,747,50,50,1,-1,-1,-1
66,-1,927,751,50,50,1,-1,-1,-1
66,-1,827,751,50,50,1,-1,-1,-1
66,-1,1027,751,50,50,1,-1,-1,-1
67,-1,930,756,50,50,1,-1,-1,-1
67,-1,830,756,50,50,1,-1,-1,-1
67,-1,1030,756,50,50,1,-1,-1,-1
68,-1,933,760,50,50,1,-1,-1,-1
68,-1,833,760,50,50,1,-1,-1,-1
68,-1,1033,760,50,50,1,-1,-1,-1
69,-1,936,764,50,50,1,-1,-1,-1
69,-1,836,764,50,50,1,-1,-1,-1
69,-1,1036,764,50,50,1,-1,-1,-1
70,-1,938,769,50,50,1,-1,-1,-1
70,-1,838,769,50,50,1,-1,-1,-1
70,-1,1038,769,50,50,1,-1,-1,-1
71,-1,941,773,50,50,1,-1,-1,-1
71,-1,841,773,50,50,1,-1,-1,-1
71,-1,1041,773,50,50,1,-1,-1,-1
72,-1,943,777,50,50,1,-1,-1,-1
72,-1,843,777,50,50,1,-1,-1,-1
72,-1,1043,777,50,50,1,-1,-1,-1
73,-1,945,782,50,50,1,-1,-1,-1
73,-1,845,782,50,50,1,-1,-1,-1
73,-1,1045,782,50,50,1,-1,-1,-1
74,-1,947,787,50,50,1,-1,-1,-1
74,-1,847,787,50,50,1,-1,-1,-1
74,-1,1047,787,50,50,1,-1,-1,-1
75,-1,943,789,50,50,1,-1,-1,-1
75,-1,843,789,50,50,1,-1,-1,-1
75,-1,1043,789,50,50,1,-1,-1,-1
76,-1,940,785,50,50,1,-1,-1,-1
76,-1,840,785,50,50,1,-1,-1,-1
76,-1,1040,785,50,50,1,-1,-1,-1
77,-1,937,780,50,50,1,-1,-1,-1
77,-1,837,780,50,50,1,-1,-1,-1
77,-1,1037,780,50,50,1,-1,-1,-1
78,-1,938,781,50,50,1,-1,-1,-1
78,-1,838,781,50,50,1,-1,-1,-1
78,-1,1038,781,50,50,1,-1,-1,-1
79,-1,940,786,50,50,1,-1,-1,-1
79,-1,840,786,50,50,1,-1,-1,-1
79,-1,1040,786,50,50,1,-1,-1,-1
80,-1,944,789,50,50,1,-1,-1,-1
80,-1,844,789,50,50,1,-1,-1,-1
80,-1,1044,789,50,50,1,-1,-1,-1
81,-1,949,791,50,50,1,-1,-1,-1
81,-1,849,791,50,50,1,-1,-1,-1
81,-1,1049,791,50,50,1,-1,-1,-1
82,-1,951,796,50,50,1,-1,-1,-1
82,-1,851,796,50,50,1,-1,-1,-1
82,-1,1051,796,50,50,1,-1,-1,-1
83,-1,953,800,50,50,1,-1,-1,-1
83,-1,853,800,50,50,1,-1,-1,-1
83,-1,1053,800,50,50,1,-1,-1,-1
84,-1,955,805,50,50,1,-1,-1,-1
84,-1,855,805,50,50,1,-1,-1,-1
84,-1,1055,805,50,50,1,-1,-1,-1
85,-1,956,810,50,50,1,-1,-1,-1
85,-1,856,810,50,50,1,-1,-1,-1
85,-1,1056,810,50,50,1,-1,-1,-1
86,-1,957,816,50,50,1,-1,-1,-1
86,-1,857,816,50,50,1,-1,-1,-1
86,-1,1057,816,50,50,1,-1,-1,-1
87,-1,959,821,50,50,1,-1,-1,-1
87,-1,859,821,50,50,1,-1,-1,-1
87,-1,1059,821,50,50,1,-1,-1,-1
88,-1,960,826,50,50,1,-1,-1,-1
88,-1,860,826,50,50,1,-1,-1,-1
88,-1,1060,826,50,50,1,-1,-1,-1
89,-1,961,831,50,50,1,-1,-1,-1
89,-1,861,831,50,50,1,-1,-1,-1
89,-1,1061,831,50,50,1,-1,-1,-1
90,-1,961,836,50,50,1,-1,-1,-1
90,-1,861,836,50,50,1,-1,-1,-1
90,-1,1061,836,50,50,1,-1,-1,-1
91,-1,962,842,50,50,1,-1,-1,-1
91,-1,862,842,50,50,1,-1,-1,-1
91,-1,1062,842,50,50,1,-1,-1,-1
92,-1,963,847,50,50,1,-1,-1,-1
92,-1,863,847,50,50,1,-1,-1,-1
92,-1,1063,847,50,50,1,-1,-1,-1
93,-1,963,852,50,50,1,-1,-1,-1
93,-1,863,852,50,50,1,-1,-1,-1
93,-1,1063,852,50,50,1,-1,-1,-1
94,-1,964,858,50,50,1,-1,-1,-1
94,-1,864,858,50,50,1,-1,-1,-1
94,-1,1064,858,50,50,1,-1,-1,-1
95,-1,964,863,50,50,1,-1,-1,-1
95,-1,864,863,50,50,1,-1,-1,-1
95,-1,1064,863,50,50,1,-1,-1,-1
96,-1,965,868,50,50,1,-1,-1,-1
96,-1,865,868,50,50,1,-1,-1,-1
96,-1,1065,868,50,50,1,-1,-1,-1
97,-1,965,873,50,50,1,-1,-1,-1
97,-1,865,873,50,50,1,-1,-1,-1
97,-1,1065,873,50,50,1,-1,-1,-1
98,-1,966,879,50,50,1,-1,-1,-1
98,-1,866,879,50,50,1,-1,-1,-1
98,-1,1066,879,50,50,1,-1,-1,-1
99,-1,966,884,50,50,1,-1,-1,-1
99,-1,866,884,50,50,1,-1,-1,-1
99,-1,1066,884,50,50,1,-1,-1,-1
100,-1,967,889,50,50,1,-1,-1,-1
100,-1,867,889,50,50,1,-1,-1,-1
100,-1,1067,889,50,50,1,-1,-1,-1
101,-1,967,894,50,50,1,-1,-1,-1
101,-1,867,894,50,50,1,-1,-1,-1
101,-1,1067,894,50,50,1,-1,-1,-1
102,-1,968,900,50,50,1,-1,-1,-1
102,-1,868,900,50,50,1,-1,-1,-1
102,-1,1068,900,50,50,1,-1,-1,-1
103,-1,969,904,50,50,1,-1,-1,-1
103,-1,869,904,50,50,1,-1,-1,-1
103,-1,1069,904,50,50,1,-1,-1,-1
104,-1,970,909,50,50,1,-1,-1,-1
104,-1,870,909,50,50,1,-1,-1,-1
104,-1,1070,909,50,50,1,-1,-1,-1
105,-1,971,915,50,50,1,-1,-1,-1
105,-1,871,915,50,50,1,-1,-1,-1
105,-1,1071,915,50,50,1,-1,-1,-1
106,-1,972,920,50,50,1,-1,-1,-1
106,-1,872,920,50,50,1,-1,-1,-1
106,-1,1072,920,50,50,1,-1,-1,-1
107,-1,973,925,50,50,1,-1,-1,-1
107,-1,873,925,50,50,1,-1,-1,-1
107,-1,1073,925,50,50,1,-1,-1,-1
108,-1,974,930,50,50,1,-1,-1,-1
108,-1,874,930,50,50,1,-1,-1,-1
108,-1,1074,930,50,50,1,-1,-1,-1
109,-1,975,935,50,50,1,-1,-1,-1
109,-1,875,935,50,50,1,-1,-1,-1
109,-1,1075,935,50,50,1,-1,-1,-1
110,-1,976,941,50,50,1,-1,-1,-1
110,-1,876,941,50,50,1,-1,-1,-1
110,-1,1076,941,50,50,1,-1,-1,-1
111,-1,978,946,50,50,1,-1,-1,-1
111,-1,878,946,50,50,1,-1,-1,-1
111,-1,1078,946,50,50,1,-1,-1,-1
112,-1,979,951,50,50,1,-1,-1,-1
112,-1,879,951,50,50,1,-1,-1,-1
112,-1,1079,951,50,50,1,-1,-1,-1
113,-1,981,956,50,50,1,-1,-1,-1
113,-1,881,956,50,50,1,-1,-1,-1
113,-1,1081,956,50,50,1,-1,-1,-1
114,-1,982,961,50,50,1,-1,-1,-1
114,-1,882,961,50,50,1,-1,-1,-1
114,-1,1082,961,50,50,1,-1,-1,-1
115,-1,984,966,50,50,1,-1,-1,-1
115,-1,884,966,50,50,1,-1,-1,-1
115,-1,1084,966,50,50,1,-1,-1,-1
116,-1,986,971,50,50,1,-1,-1,-1
116,-1,886,971,50,50,1,-1,-1,-1
116,-1,1086,971,50,50,1,-1,-1,-1
117,-1,988,976,50,50,1,-1,-1,-1
117,-1,888,976,50,50,1,-1,-1,-1
117,-1,1088,976,50,50,1,-1,-1,-1
118,-1,990,981,50,50,1,-1,-1,-1
118,-1,890,981,50,50,1,-1,-1,-1
118,-1,1090,981,50,50,1,-1,-1,-1
119,-1,991,986,50,50,1,-1,-1,-1
119,-1,891,986,50,50,1,-1,-1,-1
119,-1,1091,986,50,50,1,-1,-1,-1
120,-1,993,991,50,50,1,-1,-1,-1
120,-1,893,991,50,50,1,-1,-1,-1
120,-1,1093,991,50,50,1,-1,-1,-1
121,-1,992,995,50,50,1,-1,-1,-1
121,-1,892,995,50,50,1,-1,-1,-1
121,-1,1092,995,50,50,1,-1,-1,-1
122,-1,989,992,50,50,1,-1,-1,-1
122,-1,889,992,50,50,1,-1,-1,-1
122,-1,1089,992,50,50,1,-1,-1,-1
123,-1,984,991,50,50,1,-1,-1,-1
123,-1,884,991,50,50,1,-1,-1,-1
123,-1,1084,991,50,50,1,-1,-1,-1
124,-1,978,992,50,50,1,-1,-1,-1
124,-1,878,992,50,50,1,-1,-1,-1
124,-1,1078,992,50,50,1,-1,-1,-1
125,-1,972,993,50,50,1,-1,-1,-1
125,-1,872,993,50,50,1,-1,-1,-1
125,-1,1072,993,50,50,1,-1,-1,-1
126,-1,966,994,50,50,1,-1,-1,-1
126,-1,866,994,50,50,1,-1,-1,-1
126,-1,1066,994,50,50,1,-1,-1,-1
127,-1,959,995,50,50,1,-1,-1,-1
127,-1,859,995,50,50,1,-1,-1,-1
127,-1,1059,995,50,50,1,-1,-1,-1
128,-1,953,996,50,50,1,-1,-1,-1
128,-1,853,996,50,50,1,-1,-1,-1
128,-1,1053,996,50,50,1,-1,-1,-1
129,-1,947,998,50,50,1,-1,-1,-1
129,-1,847,998,50,50,1,-1,-1,-1
129,-1,1047,998,50,50,1,-1,-1,-1
130,-1,940,999,50,50,1,-1,-1,-1
130,-1,840,999,50,50,1,-1,-1,-1
130,-1,1040,999,50,50,1,-1,-1,-1
131,-1,934,999,50,50,1,-1,-1,-1
131,-1,834,999,50,50,1,-1,-1,-1
131,-1,1034,999,50,50,1,-1,-1,-1
132,-1,928,999,50,50,1,-1,-1,-1
132,-1,828,999,50,50,1,-1,-1,-1
132,-1,1028,999,50,50,1,-1,-1,-1
133,-1,922,999,50,50,1,-1,-1,-1
133,-1,822,999,50,50,1,-1,-1,-1
133,-1,1022,999,50,50,1,-1,-1,-1
134,-1,916,999,50,50,1,-1,-1,-1
134,-1,816,999,50,50,1,-1,-1,-1
134,-1,1016,999,50,50,1,-1,-1,-1
135,-1,910,998,50,50,1,-1,-1,-1
135,-1,810,998,50,50,1,-1,-1,-1
135,-1,1010,998,50,50,1,-1,-1,-1
136,-1,904,997,50,50,1,-1,-1,-1
136,-1,804,997,50,50,1,-1,-1,-1
136,-1,1004,997,50,50,1,-1,-1,-1
137,-1,898,995,50,50,1,-1,-1,-1
137,-1,798,995,50,50,1,-1,-1,-1
137,-1,998,995,50,50,1,-1,-1,-1
138,-1,892,993,50,50,1,-1,-1,-1
138,-1,792,993,50,50,1,-1,-1,-1
138,-1,992,993,50,50,1,-1,-1,-1
139,-1,887,991,50,50,1,-1,-1,-1
139,-1,787,991,50,50,1,-1,-1,-1
139,-1,987,991,50,50,1,-1,-1,-1
140,-1,881,989,50,50,1,-1,-1,-1
140,-1,781,989,50,50,1,-1,-1,-1
140,-1,981,989,50,50,1,-1,-1,-1
141,-1,876,986,50,50,1,-1,-1,-1
141,-1,776,986,50,50,1,-1,-1,-1
141,-1,976,986,50,50,1,-1,-1,-1
142,-1,871,984,50,50,1,-1,-1,-1
142,-1,771,984,50,50,1,-1,-1,-1
142,-1,971,984,50,50,1,-1,-1,-1
143,-1,865,982,50,50,1,-1,-1,-1
143,-1,765,982,50,50,1,-1,-1,-1
143,-1,965,982,50,50,1,-1,-1,-1
144,-1,860,980,50,50,1,-1,-1,-1
144,-1,760,980,50,50,1,-1,-1,-1
144,-1,960,980,50,50,1,-1,-1,-1
145,-1,864,980,50,50,1,-1,-1,-1
145,-1,764,980,50,50,1,-1,-1,-1
145,-1,964,980,50,50,1,-1,-1,-1
146,-1,862,984,50,50,1,-1,-1,-1
146,-1,762,984,50,50,1,-1,-1,-1
146,-1,962,984,50,50,1,-1,-1,-1
147,-1,858,983,50,50,1,-1,-1,-1
147,-1,758,983,50,50,1,-1,-1,-1
147,-1,958,983,50,50,1,-1,-1,-1
148,-1,863,982,50,50,1,-1,-1,-1
148,-1,763,982,50,50,1,-1,-1,-1
148,-1,963,982,50,50,1,-1,-1,-1
149,-1,869,984,50,50,1,-1,-1,-1
149,-1,769,984,50,50,1,-1,-1,-1
149,-1,969,984,50,50,1,-1,-1,-1
150,-1,875,986,50,50,1,-1,-1,-1
150,-1,775,986,50,50,1,-1,-1,-1
150,-1,975,986,50,50,1,-1,-1,-1
151,-1,881,989,50,50,1,-1,-1,-1
151,-1,781,989,50,50,1,-1,-1,-1
151,-1,981,989,50,50,1,-1,-1,-1
152,-1,886,991,50,50,1,-1,-1,-1
152,-1,786,991,50,50,1,-1,-1,-1
152,-1,986,991,50,50,1,-1,-1,-1
153,-1,891,993,50,50,1,-1,-1,-1
153,-1,791,993,50,50,1,-1,-1,-1
153,-1,991,993,50,50,1,-1,-1,-1
154,-1,897,995,50,50,1,-1,-1,-1
154,-1,797,995,50,50,1,-1,-1,-1
154,-1,997,995,50,50,1,-1,-1,-1
155,-1,903,997,50,50,1,-1,-1,-1
155,-1,803,997,50,50,1,-1,-1,-1
155,-1,1003,997,50,50,1,-1,-1,-1
156,-1,909,998,50,50,1,-1,-1,-1
156,-1,809,998,50,50,1,-1,-1,-1
156,-1,1009,998,50,50,1,-1,-1,-1
157,-1,914,999,50,50,1,-1,-1,-1
157,-1,814,999,50,50,1,-1,-1,-1
157,-1,1014,999,50,50,1,-1,-1,-1
158,-1,920,999,50,50,1,-1,-1,-1
158,-1,820,999,50,50,1,-1,-1,-1
158,-1,1020,999,50,50,1,-1,-1,-1
159,-1,926,1000,50,50,1,-1,-1,-1
159,-1,826,1000,50,50,1,-1,-1,-1
159,-1,1026,1000,50,50,1,-1,-1,-1
160,-1,933,999,50,50,1,-1,-1,-1
160,-1,833,999,50,50,1,-1,-1,-1
160,-1,1033,999,50,50,1,-1,-1,-1
161,-1,939,999,50,50,1,-1,-1,-1
161,-1,839,999,50,50,1,-1,-1,-1
161,-1,1039,999,50,50,1,-1,-1,-1
162,-1,946,998,50,50,1,-1,-1,-1
162,-1,846,998,50,50,1,-1,-1,-1
162,-1,1046,998,50,50,1,-1,-1,-1
163,-1,952,997,50,50,1,-1,-1,-1
163,-1,852,997,50,50,1,-1,-1,-1
163,-1,1052,997,50,50,1,-1,-1,-1
164,-1,958,996,50,50,1,-1,-1,-1
164,-1,858,996,50,50,1,-1,-1,-1
164,-1,1058,996,50,50,1,-1,-1,-1
165,-1,964,995,50,50,1,-1,-1,-1
165,-1,864,995,50,50,1,-1,-1,-1
165,-1,1064,995,50,50,1,-1,-1,-1
166,-1,970,994,50,50,1,-1,-1,-1
166,-1,870,994,50,50,1,-1,-1,-1
166,-1,1070,994,50,50,1,-1,-1,-1
167,-1,976,993,50,50,1,-1,-1,-1
167,-1,876,993,50,50,1,-1,-1,-1
167,-1,1076,993,50,50,1,-1,-1,-1
168,-1,982,992,50,50,1,-1,-1,-1
168,-1,882,992,50,50,1,-1,-1,-1
168,-1,1082,992,50,50,1,-1,-1,-1
169,-1,988,991,50,50,1,-1,-1,-1
169,-1,888,991,50,50,1,-1,-1,-1
169,-1,1088,991,50,50,1,-1,-1,-1
170,-1,994,990,50,50,1,-1,-1,-1
170,-1,894,990,50,50,1,-1,-1,-1
170,-1,1094,990,50,50,1,-1,-1,-1
171,-1,1000,989,50,50,1,-1,-1,-1
171,-1,900,989,50,50,1,-1,-1,-1
171,-1,1100,989,50,50,1,-1,-1,-1
172,-1,994,989,50,50,1,-1,-1,-1
172,-1,894,989,50,50,1,-1,-1,-1
172,-1,1094,989,50,50,1,-1,-1,-1
173,-1,988,990,50,50,1,-1,-1,-1
173,-1,888,990,50,50,1,-1,-1,-1
173,-1,1088,990,50,50,1,-1,-1,-1
174,-1,982,991,50,50,1,-1,-1,-1
174,-1,882,991,50,50,1,-1,-1,-1
174,-1,1082,991,50,50,1,-1,-1,-1
175,-1,976,992,50,50,1,-1,-1,-1
175,-1,876,992,50,50,1,-1,-1,-1
175,-1,1076,992,50,50,1,-1,-1,-1
176,-1,970,993,50,50,1,-1,-1,-1
176,-1,870,993,50,50,1,-1,-1,-1
176,-1,1070,993,50,50,1,-1,-1,-1
177,-1,964,995,50,50,1,-1,-1,-1
177,-1,864,995,50,50,1,-1,-1,-1
177,-1,1064,995,50,50,1,-1,-1,-1
178,-1,958,996,50,50,1,-1,-1,-1
178,-1,858,996,50,50,1,-1,-1,-1
178,-1,1058,996,50,50,1,-1,-1,-1
179,-1,952,997,50,50,1,-1,-1,-1
179,-1,852,997,50,50,1,-1,-1,-1
179,-1,1052,997,50,50,1,-1,-1,-1
180,-1,945,998,50,50,1,-1,-1,-1
180,-1,845,998,50,50,1,-1,-1,-1
180,-1,1045,998,50,50,1,-1,-1,-1
181,-1,939,999,50,50,1,-1,-1,-1
181,-1,839,999,50,50,1,-1,-1,-1
181,-1,1039,999,50,50,1,-1,-1,-1
182,-1,933,999,50,50,1,-1,-1,-1
182,-1,833,999,50,50,1,-1,-1,-1
182,-1,1033,999,50,50,1,-1,-1,-1
183,-1,927,999,50,50,1,-1,-1,-1
183,-1,827,999,50,50,1,-1,-1,-1
183,-1,1027,999,50,50,1,-1,-1,-1
184,-1,921,999,50,50,1,-1,-1,-1
184,-1,821,999,50,50,1,-1,-1,-1
184,-1,1021,999,50,50,1,-1,-1,-1
185,-1,915,999,50,50,1,-1,-1,-1
185,-1,815,999,50,50,1,-1,-1,-1
185,-1,1015,999,50,50,1,-1,-1,-1
186,-1,909,998,50,50,1,-1,-1,-1
186,-1,809,998,50,50,1,-1,-1,-1
186,-1,1009,998,50,50,1,-1,-1,-1
187,-1,902,996,50,50,1,-1,-1,-1
187,-1,802,996,50,50,1,-1,-1,-1
187,-1,1002,996,50,50,1,-1,-1,-1
188,-1,896,994,50,50,1,-1,-1,-1
188,-1,796,994,50,50,1,-1,-1,-1
188,-1,996,994,50,50,1,-1,-1,-1
189,-1,890,992,50,50,1,-1,-1,-1
189,-1,790,992,50,50,1,-1,-1,-1
189,-1,990,992,50,50,1,-1,-1,-1
190,-1,885,990,50,50,1,-1,-1,-1
190,-1,785,990,50,50,1,-1,-1,-1
190,-1,985,990,50,50,1,-1,-1,-1
191,-1,880,988,50,50,1,-1,-1,-1
191,-1,780,988,50,50,1,-1,-1,-1
191,-1,980,988,50,50,1,-1,-1,-1
192,-1,875,986,50,50,1,-1,-1,-1
192,-1,775,986,50,50,1,-1,-1,-1
192,-1,975,986,50,50,1,-1,-1,-1
193,-1,869,984,50,50,1,-1,-1,-1
193,-1,769,984,50,50,1,-1,-1,-1
193,-1,969,984,50,50,1,-1,-1,-1
194,-1,864,982,50,50,1,-1,-1,-1
194,-1,764,982,50,50,1,-1,-1,-1
194,-1,964,982,50,50,1,-1,-1,-1
195,-1,860,979,50,50,1,-1,-1,-1
195,-1,760,979,50,50,1,-1,-1,-1
195,-1,960,979,50,50,1,-1,-1,-1
196,-1,865,980,50,50,1,-1,-1,-1
196,-1,765,980,50,50,1,-1,-1,-1
196,-1,965,980,50,50,1,-1,-1,-1
197,-1,870,977,50,50,1,-1,-1,-1
197,-1,770,977,50,50,1,-1,-1,-1
197,-1,970,977,50,50,1,-1,-1,-1
198,-1,875,974,50,50,1,-1,-1,-1
198,-1,775,974,50,50,1,-1,-1,-1
198,-1,975,974,50,50,1,-1,-1,-1
199,-1,880,971,50,50,1,-1,-1,-1
199,-1,780,971,50,50,1,-1,-1,-1
199,-1,980,971,50,50,1,-1,-1,-1
200,-1,883,968,50,50,1,-1,-1,-1
200,-1,783,968,50,50,1,-1,-1,-1
200,-1,983,968,50,50,1,-1,-1,-1
201,-1,886,963,50,50,1,-1,-1,-1
201,-1,786,963,50,50,1,-1,-1,-1
201,-1,986,963,50,50,1,-1,-1,-1
202,-1,887,958,50,50,1,-1,-1,-1
202,-1,787,958,50,50,1,-1,-1,-1
202,-1,987,958,50,50,1,-1,-1,-1
203,-1,887,954,50,50,1,-1,-1,-1
203,-1,787,954,50,50,1,-1,-1,-1
203,-1,987,954,50,50,1,-1,-1,-1
204,-1,887,949,50,50,1,-1,-1,-1
204,-1,787,949,50,50,1,-1,-1,-1
204,-1,987,949,50,50,1,-1,-1,-1
205,-1,886,944,50,50,1,-1,-1,-1
205,-1,786,944,50,50,1,-1,-1,-1
205,-1,986,944,50,50,1,-1,-1,-1
206,-1,885,939,50,50,1,-1,-1,-1
206,-1,785,939,50,50,1,-1,-1,-1
206,-1,985,939,50,50,1,-1,-1,-1
207,-1,885,935,50,50,1,-1,-1,-1
207,-1,785,935,50,50,1,-1,-1,-1
207,-1,985,935,50,50,1,-1,-1,-1
208,-1,884,930,50,50,1,-1,-1,-1
208,-1,784,930,50,50,1,-1,-1,-1
208,-1,984,930,50,50,1,-1,-1,-1
209,-1,883,925,50,50,1,-1,-1,-1
209,-1,783,925,50,50,1,-1,-1,-1
209,-1,983,925,50,50,1,-1,-1,-1
210,-1,883,920,50,50,1,-1,-1,-1
210,-1,783,920,50,50,1,-1,-1,-1
210,-1,983,920,50,50,1,-1,-1,-1
211,-1,882,915,50,50,1,-1,-1,-1
211,-1,782,915,50,50,1,-1,-1,-1
211,-1,982,915,50,50,1,-1,-1,-1
212,-1,881,911,50,50,1,-1,-1,-1
212,-1,781,911,50,50,1,-1,-1,-1
212,-1,981,911,50,50,1,-1,-1,-1
213,-1,880,906,50,50,1,-1,-1,-1
213,-1,780,906,50,50,1,-1,-1,-1
213,-1,980,906,50,50,1,-1,-1,-1
214,-1,880,901,50,50,1,-1,-1,-1
214,-1,780,901,50,50,1,-1,-1,-1
214,-1,980,901,50,50,1,-1,-1,-1
215,-1,879,896,50,50,1,-1,-1,-1
215,-1,779,896,50,50,1,-1,-1,-1
215,-1,979,896,50,50,1,-1,-1,-1
216,-1,878,892,50,50,1,-1,-1,-1
216,-1,778,892,50,50,1,-1,-1,-1
216,-1,978,892,50,50,1,-1,-1,-1
217,-1,877,887,50,50,1,-1,-1,-1
217,-1,777,887,50,50,1,-1,-1,-1
217,-1,977,887,50,50,1,-1,-1,-1
218,-1,877,882,50,50,1,-1,-1,-1
218,-1,777,882,50,50,1,-1,-1,-1
218,-1,977,882,50,50,1,-1,-1,-1
219,-1,877,877,50,50,1,-1,-1,-1
219,-1,777,877,50,50,1,-1,-1,-1
219,-1,977,877,50,50,1,-1,-1,-1
220,-1,879,873,50,50,1,-1,-1,-1
220,-1,779,873,50,50,1,-1,-1,-1
220,-1,979,873,50,50,1,-1,-1,-1
221,-1,881,868,50,50,1,-1,-1,-1
221,-1,781,868,50,50,1,-1,-1,-1
221,-1,981,868,50,50,1,-1,-1,-1
222,-1,881,863,50,50,1,-1,-1,-1
222,-1,781,863,50,50,1,-1,-1,-1
222,-1,981,863,50,50,1,-1,-1,-1
223,-1,881,859,50,50,1,-1,-1,-1
223,-1,781,859,50,50,1,-1,-1,-1
223,-1,981,859,50,50,1,-1,-1,-1
224,-1,880,854,50,50,1,-1,-1,-1
224,-1,780,854,50,50,1,-1,-1,-1
224,-1,980,854,50,50,1,-1,-1,-1
225,-1,879,849,50,50,1,-1,-1,-1
225,-1,779,849,50,50,1,-1,-1,-1
225,-1,979,849,50,50,1,-1,-1,-1
226,-1,879,844,50,50,1,-1,-1,-1
226,-1,779,844,50,50,1,-1,-1,-1
226,-1,979,844,50,50,1,-1,-1,-1
227,-1,878,839,50,50,1,-1,-1,-1
227,-1,778,839,50,50,1,-1,-1,-1
227,-1,978,839,50,50,1,-1,-1,-1
228,-1,877,835,50,50,1,-1,-1,-1
228,-1,777,835,50,50,1,-1,-1,-1
228,-1,977,835,50,50,1,-1,-1,-1
229,-1,876,830,50,50,1,-1,-1,-1
229,-1,776,830,50,50,1,-1,-1,-1
229,-1,976,830,50,50,1,-1,-1,-1
230,-1,876,825,50,50,1,-1,-1,-1
230,-1,776,825,50,50,1,-1,-1,-1
230,-1,976,825,50,50,1,-1,-1,-1
231,-1,875,820,50,50,1,-1,-1,-1
231,-1,775,820,50,50,1,-1,-1,-1
231,-1,975,820,50,50,1,-1,-1,-1
232,-1,875,816,50,50,1,-1,-1,-1
232,-1,775,816,50,50,1,-1,-1,-1
232,-1,975,816,50,50,1,-1,-1,-1
233,-1,876,811,50,50,1,-1,-1,-1
233,-1,776,811,50,50,1,-1,-1,-1
233,-1,976,811,50,50,1,-1,-1,-1
234,-1,879,806,50,50,1,-1,-1,-1
234,-1,779,806,50,50,1,-1,-1,-1
234,-1,979,806,50,50,1,-1,-1,-1
235,-1,882,802,50,50,1,-1,-1,-1
235,-1,782,802,50,50,1,-1,-1,-1
235,-1,982,802,50,50,1,-1,-1,-1
236,-1,886,799,50,50,1,-1,-1,-1
236,-1,786,799,50,50,1,-1,-1,-1
236,-1,986,799,50,50,1,-1,-1,-1
237,-1,891,796,50,50,1,-1,-1,-1
237,-1,791,796,50,50,1,-1,-1,-1
237,-1,991,796,50,50,1,-1,-1,-1
238,-1,897,794,50,50,1,-1,-1,-1
238,-1,797,794,50,50,1,-1,-1,-1
238,-1,997,794,50,50,1,-1,-1,-1
239,-1,903,793,50,50,1,-1,-1,-1
239,-1,803,793,50,50,1,-1,-1,-1
239,-1,1003,793,50,50,1,-1,-1,-1
240,-1,909,792,50,50,1,-1,-1,-1
240,-1,809,792,50,50,1,-1,-1,-1
240,-1,1009,792,50,50,1,-1,-1,-1
241,-1,915,791,50,50,1,-1,-1,-1
241,-1,815,791,50,50,1,-1,-1,-1
241,-1,1015,791,50,50,1,-1,-1,-1
242,-1,921,790,50,50,1,-1,-1,-1
242,-1,821,790,50,50,1,-1,-1,-1
242,-1,1021,790,50,50,1,-1,-1,-1
243,-1,927,788,50,50,1,-1,-1,-1
243,-1,827,788,50,50,1,-1,-1,-1
243,-1,1027,788,50,50,1,-1,-1,-1
244,-1,932,786,50,50,1,-1,-1,-1
244,-1,832,786,50,50,1,-1,-1,-1
244,-1,1032,786,50,50,1,-1,-1,-1
245,-1,938,784,50,50,1,-1,-1,-1
245,-1,838,784,50,50,1,-1,-1,-1
245,-1,1038,784,50,50,1,-1,-1,-1
246,-1,943,783,50,50,1,-1,-1,-1
246,-1,843,783,50,50,1,-1,-1,-1
246,-1,1043,783,50,50,1,-1,-1,-1
247,-1,949,781,50,50,1,-1,-1,-1
247,-1,849,781,50,50,1,-1,-1,-1
247,-1,1049,781,50,50,1,-1,-1,-1
248,-1,950,778,50,50,1,-1,-1,-1
248,-1,850,778,50,50,1,-1,-1,-1
248,-1,1050,778,50,50,1,-1,-1,-1
249,-1,945,775,50,50,1,-1,-1,-1
249,-1,845,775,50,50,1,-1,-1,-1
249,-1,1045,775,50,50,1,-1,-1,-1
250,-1,941,772,50,50,1,-1,-1,-1
250,-1,841,772,50,50,1,-1,-1,-1
250,-1,1041,772,50,50,1,-1,-1,-1
251,-1,938,767,50,50,1,-1,-1,-1
251,-1,838,767,50,50,1,-1,-1,-1
251,-1,1038,767,50,50,1,-1,-1,-1
252,-1,936,763,50,50,1,-1,-1,-1
252,-1,836,763,50,50,1,-1,-1,-1
252,-1,1036,763,50,50,1,-1,-1,-1
253,-1,933,758,50,50,1,-1,-1,-1
253,-1,833,758,50,50,1,-1,-1,-1
253,-1,1033,758,50,50,1,-1,-1,-1
254,-1,930,754,50,50,1,-1,-1,-1
254,-1,830,754,50,50,1,-1,-1,-1
254,-1,1030,754,50,50,1,-1,-1,-1
255,-1,927,749,50,50,1,-1,-1,-1
255,-1,827,749,50,50,1,-1,-1,-1
255,-1,1027,749,50,50,1,-1,-1,-1
256,-1,923,745,50,50,1,-1,-1,-1
256,-1,823,745,50,50,1,-1,-1,-1
256,-1,1023,745,50,50,1,-1,-1,-1
257,-1,920,740,50,50,1,-1,-1,-1
257,-1,820,740,50,50,1,-1,-1,-1
257,-1,1020,740,50,50,1,-1,-1,-1
258,-1,916,736,50,50,1,-1,-1,-1
258,-1,816,736,50,50,1,-1,-1,-1
258,-1,1016,736,50,50,1,-1,-1,-1
259,-1,913,732,50,50,1,-1,-1,-1
259,-1,813,732,50,50,1,-1,-1,-1
259,-1,1013,732,50,50,1,-1,-1,-1
260,-1,909,729,50,50,1,-1,-1,-1
260,-1,809,729,50,50,1,-1,-1,-1
260,-1,1009,729,50,50,1,-1,-1,-1
261,-1,906,725,50,50,1,-1,-1,-1
261,-1,806,725,50,50,1,-1,-1,-1
261,-1,1006,725,50,50,1,-1,-1,-1
262,-1,902,721,50,50,1,-1,-1,-1
262,-1,802,721,50,50,1,-1,-1,-1
262,-1,1002,721,50,50,1,-1,-1,-1
263,-1,898,717,50,50,1,-1,-1,-1
263,-1,798,717,50,50,1,-1,-1,-1
263,-1,998,717,50,50,1,-1,-1,-1
264,-1,894,714,50,50,1,-1,-1,-1
264,-1,794,714,50,50,1,-1,-1,-1
264,-1,994,714,50,50,1,-1,-1,-1
265,-1,890,710,50,50,1,-1,-1,-1
265,-1,790,710,50,50,1,-1,-1,-1
265,-1,990,710,50,50,1,-1,-1,-1
266,-1,885,706,50,50,1,-1,-1,-1
266,-1,785,706,50,50,1,-1,-1,-1
266,-1,985,706,50,50,1,-1,-1,-1
267,-1,881,703,50,50,1,-1,-1,-1
267,-1,781,703,50,50,1,-1,-1,-1
267,-1,981,703,50,50,1,-1,-1,-1
268,-1,877,700,50,50,1,-1,-1,-1
268,-1,777,700,50,50,1,-1,-1,-1
268,-1,977,700,50,50,1,-1,-1,-1
269,-1,873,696,50,50,1,-1,-1,-1
269,-1,773,696,50,50,1,-1,-1,-1
269,-1,973,696,50,50,1,-1,-1,-1
270,-1,869,693,50,50,1,-1,-1,-1
270,-1,769,693,50,50,1,-1,-1,-1
270,-1,969,693,50,50,1,-1,-1,-1
271,-1,865,690,50,50,1,-1,-1,-1
271,-1,765,690,50,50,1,-1,-1,-1
271,-1,965,690,50,50,1,-1,-1,-1
272,-1,859,687,50,50,1,-1,-1,-1
272,-1,759,687,50,50,1,-1,-1,-1
272,-1,959,687,50,50,1,-1,-1,-1
273,-1,854,685,50,50,1,-1,-1,-1
273,-1,754,685,50,50,1,-1,-1,-1
273,-1,954,685,50,50,1,-1,-1,-1
274,-1,849,682,50,50,1,-1,-1,-1
274,-1,749,682,50,50,1,-1,-1,-1
274,-1,949,682,50,50,1,-1,-1,-1
275,-1,844,679,50,50,1,-1,-1,-1
275,-1,744,679,50,50,1,-1,-1,-1
275,-1,944,679,50,50,1,-1,-1,-1
276,-1,838,676,50,50,1,-1,-1,-1
276,-1,738,676,50,50,1,-1,-1,-1
276,-1,938,676,50,50,1,-1,-1,-1
277,-1,833,673,50,50,1,-1,-1,-1
277,-1,733,673,50,50,1,-1,-1,-1
277,-1,933,673,50,50,1,-1,-1,-1
278,-1,827,671,50,50,1,-1,-1,-1
278,-1,727,671,50,50,1,-1,-1,-1
278,-1,927,671,50,50,1,-1,-1,-1
279,-1,821,668,50,50,1,-1,-1,-1
279,-1,721,668,50,50,1,-1,-1,-1
279,-1,921,668,50,50,1,-1,-1,-1
280,-1,816,666,50,50,1,-1,-1,-1
280,-1,716,666,50,50,1,-1,-1,-1
280,-1,916,666,50,50,1,-1,-1,-1
281,-1,810,664,50,50,1,-1,-1,-1
281,-1,710,664,50,50,1,-1,-1,-1
281,-1,910,664,50,50,1,-1,-1,-1
282,-1,804,661,50,50,1,-1,-1,-1
282,-1,704,661,50,50,1,-1,-1,-1
282,-1,904,661,50,50,1,-1,-1,-1
283,-1,798,659,50,50,1,-1,-1,-1
283,-1,698,659,50,50,1,-1,-1,-1
283,-1,898,659,50,50,1,-1,-1,-1
284,-1,792,657,50,50,1,-1,-1,-1
284,-1,692,657,50,50,1,-1,-1,-1
284,-1,892,657,50,50,1,-1,-1,-1
285,-1,786,655,50,50,1,-1,-1,-1
285,-1,686,655,50,50,1,-1,-1,-1
285,-1,886,655,50,50,1,-1,-1,-1
286,-1,779,653,50,50,1,-1,-1,-1
286,-1,679,653,50,50,1,-1,-1,-1
286,-1,879,653,50,50,1,-1,-1,-1
287,-1,773,651,50,50,1,-1,-1,-1
287,-1,673,651,50,50,1,-1,-1,-1
287,-1,873,651,50,50,1,-1,-1,-1
288,-1,767,649,50,50,1,-1,-1,-1
288,-1,667,649,50,50,1,-1,-1,-1
288,-1,867,649,50,50,1,-1,-1,-1
289,-1,761,646,50,50,1,-1,-1,-1
289,-1,661,646,50,50,1,-1,-1,-1
289,-1,861,646,50,50,1,-1,-1,-1
290,-1,756,643,50,50,1,-1,-1,-1
290,-1,656,643,50,50,1,-1,-1,-1
290,-1,856,643,50,50,1,-1,-1,-1
291,-1,751,639,50,50,1,-1,-1,-1
291,-1,651,639,50,50,1,-1,-1,-1
291,-1,851,639,50,50,1,-1,-1,-1
292,-1,747,635,50,50,1,-1,-1,-1
292,-1,647,635,50,50,1,-1,-1,-1
292,-1,847,635,50,50,1,-1,-1,-1
293,-1,743,631,50,50,1,-1,-1,-1
293,-1,643,631,50,50,1,-1,-1,-1
293,-1,843,631,50,50,1,-1,-1,-1
294,-1,739,627,50,50,1,-1,-1,-1
294,-1,639,627,50,50,1,-1,-1,-1
294,-1,839,627,50,50,1,-1,-1,-1
295,-1,735,623,50,50,1,-1,-1,-1
295,-1,635,623,50,50,1,-1,-1,-1
295,-1,835,623,50,50,1,-1,-1,-1
296,-1,730,619,50,50,1,-1,-1,-1
296,-1,630,619,50,50,1,-1,-1,-1
296,-1,830,619,50,50,1,-1,-1,-1
297,-1,725,615,50,50,1,-1,-1,-1
297,-1,625,615,50,50,1,-1,-1,-1
297,-1,825,615,50,50,1,-1,-1,-1
298,-1,720,612,50,50,1,-1,-1,-1
298,-1,620,612,50,50,1,-1,-1,-1
298,-1,820,612,50,50,1,-1,-1,-1
299,-1,714,609,50,50,1,-1,-1,-1
299,-1,614,609,50,50,1,-1,-1,-1
299,-1,814,609,50,50,1,-1,-1,-1
300,-1,709,606,50,50,1,-1,-1,-1
300,-1,609,606,50,50,1,-1,-1,-1
300,-1,809,606,50,50,1,-1,-1,-1
301,-1,704,603,50,50,1,-1,-1,-1
301,-1,604,603,50,50,1,-1,-1,-1
301,-1,804,603,50,50,1,-1,-1,-1
302,-1,699,600,50,50,1,-1,-1,-1
302,-1,599,600,50,50,1,-1,-1,-1
302,-1,799,600,50,50,1,-1,-1,-1
303,-1,695,597,50,50,1,-1,-1,-1
303,-1,595,597,50,50,1,-1,-1,-1
303,-1,795,597,50,50,1,-1,-1,-1
304,-1,691,593,50,50,1,-1,-1,-1
304,-1,591,593,50,50,1,-1,-1,-1
304,-1,791,593,50,50,1,-1,-1,-1
305,-1,687,589,50,50,1,-1,-1,-1
305,-1,587,589,50,50,1,-1,-1,-1
305,-1,787,589,50,50,1,-1,-1,-1
306,-1,683,585,50,50,1,-1,-1,-1
306,-1,583,585,50,50,1,-1,-1,-1
306,-1,783,585,50,50,1,-1,-1,-1
307,-1,680,581,50,50,1,-1,-1,-1
307,-1,580,581,50,50,1,-1,-1,-1
307,-1,780,581,50,50,1,-1,-1,-1
308,-1,677,577,50,50,1,-1,-1,-1
308,-1,577,577,50,50,1,-1,-1,-1
308,-1,777,577,50,50,1,-1,-1,-1
309,-1,675,572,50,50,1,-1,-1,-1
309,-1,575,572,50,50,1,-1,-1,-1
309,-1,775,572,50,50,1,-1,-1,-1
310,-1,676,568,50,50,1,-1,-1,-1
310,-1,576,568,50,50,1,-1,-1,-1
310,-1,776,568,50,50,1,-1,-1,-1
311,-1,680,570,50,50,1,-1,-1,-1
311,-1,580,570,50,50,1,-1,-1,-1
311,-1,780,570,50,50,1,-1,-1,-1
312,-1,680,574,50,50,1,-1,-1,-1
312,-1,580,574,50,50,1,-1,-1,-1
312,-1,780,574,50,50,1,-1,-1,-1
313,-1,680,569,50,50,1,-1,-1,-1
313,-1,580,569,50,50,1,-1,-1,-1
313,-1,780,569,50,50,1,-1,-1,-1
314,-1,675,567,50,50,1,-1,-1,-1
314,-1,575,567,50,50,1,-1,-1,-1
314,-1,775,567,50,50,1,-1,-1,-1
315,-1,671,563,50,50,1,-1,-1,-1
315,-1,571,563,50,50,1,-1,-1,-1
315,-1,771,563,50,50,1,-1,-1,-1
316,-1,670,558,50,50,1,-1,-1,-1
316,-1,570,558,50,50,1,-1,-1,-1
316,-1,770,558,50,50,1,-1,-1,-1
317,-1,669,553,50,50,1,-1,-1,-1
317,-1,569,553,50,50,1,-1,-1,-1
317,-1,769,553,50,50,1,-1,-1,-1
318,-1,668,549,50,50,1,-1,-1,-1
318,-1,568,549,50,50,1,-1,-1,-1
318,-1,768,549,50,50,1,-1,-1,-1
319,-1,668,544,50,50,1,-1,-1,-1
319,-1,568,544,50,50,1,-1,-1,-1
319,-1,768,544,50,50,1,-1,-1,-1
320,-1,668,539,50,50,1,-1,-1,-1
320,-1,568,539,50,50,1,-1,-1,-1
320,-1,768,539,50,50,1,-1,-1,-1
321,-1,668,534,50,50,1,-1,-1,-1
321,-1,568,534,50,50,1,-1,-1,-1
321,-1,768,534,50,50,1,-1,-1,-1
322,-1,667,529,50,50,1,-1,-1,-1
322,-1,567,529,50,50,1,-1,-1,-1
322,-1,767,529,50,50,1,-1,-1,-1
323,-1,667,525,50,50,1,-1,-1,-1
323,-1,567,525,50,50,1,-1,-1,-1
323,-1,767,525,50,50,1,-1,-1,-1
324,-1,667,520,50,50,1,-1,-1,-1
324,-1,567,520,50,50,1,-1,-1,-1
324,-1,767,520,50,50,1,-1,-1,-1
325,-1,667,515,50,50,1,-1,-1,-1
325,-1,567,515,50,50,1,-1,-1,-1
325,-1,767,515,50,50,1,-1,-1,-1
326,-1,667,510,50,50,1,-1,-1,-1
326,-1,567,510,50,50,1,-1,-1,-1
326,-1,767,510,50,50,1,-1,-1,-1
327,-1,667,505,50,50,1,-1,-1,-1
327,-1,567,505,50,50,1,-1,-1,-1
327,-1,767,505,50,50,1,-1,-1,-1
328,-1,666,500,50,50,1,-1,-1,-1
328,-1,566,500,50,50,1,-1,-1,-1
328,-1,766,500,50,50,1,-1,-1,-1
329,-1,665,496,50,50,1,-1,-1,-1
329,-1,565,496,50,50,1,-1,-1,-1
329,-1,765,496,50,50,1,-1,-1,-1
330,-1,664,491,50,50,1,-1,-1,-1
330,-1,564,491,50,50,1,-1,-1,-1
330,-1,764,491,50,50,1,-1,-1,-1
331,-1,663,486,50,50,1,-1,-1,-1
331,-1,563,486,50,50,1,-1,-1,-1
331,-1,763,486,50,50,1,-1,-1,-1
332,-1,662,481,50,50,1,-1,-1,-1
332,-1,562,481,50,50,1,-1,-1,-1
332,-1,762,481,50,50,1,-1,-1,-1
333,-1,661,477,50,50,1,-1,-1,-1
333,-1,561,477,50,50,1,-1,-1,-1
333,-1,761,477,50,50,1,-1,-1,-1
334,-1,660,472,50,50,1,-1,-1,-1
334,-1,560,472,50,50,1,-1,-1,-1
334,-1,760,472,50,50,1,-1,-1,-1
335,-1,658,467,50,50,1,-1,-1,-1
335,-1,558,467,50,50,1,-1,-1,-1
335,-1,758,467,50,50,1,-1,-1,-1
336,-1,657,463,50,50,1,-1,-1,-1
336,-1,557,463,50,50,1,-1,-1,-1
336,-1,757,463,50,50,1,-1,-1,-1
337,-1,655,458,50,50,1,-1,-1,-1
337,-1,555,458,50,50,1,-1,-1,-1
337,-1,755,458,50,50,1,-1,-1,-1
338,-1,653,454,50,50,1,-1,-1,-1
338,-1,553,454,50,50,1,-1,-1,-1
338,-1,753,454,50,50,1,-1,-1,-1
339,-1,651,449,50,50,1,-1,-1,-1
339,-1,551,449,50,50,1,-1,-1,-1
339,-1,751,449,50,50,1,-1,-1,-1
340,-1,649,445,50,50,1,-1,-1,-1
340,-1,549,445,50,50,1,-1,-1,-1
340,-1,749,445,50,50,1,-1,-1,-1
341,-1,646,440,50,50,1,-1,-1,-1
341,-1,546,440,50,50,1,-1,-1,-1
341,-1,746,440,50,50,1,-1,-1,-1
342,-1,644,435,50,50,1,-1,-1,-1
342,-1,544,435,50,50,1,-1,-1,-1
342,-1,744,435,50,50,1,-1,-1,-1
343,-1,641,431,50,50,1,-1,-1,-1
343,-1,541,431,50,50,1,-1,-1,-1
343,-1,741,431,50,50,1,-1,-1,-1
344,-1,638,426,50,50,1,-1,-1,-1
344,-1,538,426,50,50,1,-1,-1,-1
344,-1,738,426,50,50,1,-1,-1,-1
345,-1,635,421,50,50,1,-1,-1,-1
345,-1,535,421,50,50,1,-1,-1,-1
345,-1,735,421,50,50,1,-1,-1,-1
346,-1,632,417,50,50,1,-1,-1,-1
346,-1,532,417,50,50,1,-1,-1,-1
346,-1,732,417,50,50,1,-1,-1,-1
347,-1,628,412,50,50,1,-1,-1,-1
347,-1,528,412,50,50,1,-1,-1,-1
347,-1,728,412,50,50,1,-1,-1,-1
348,-1,625,408,50,50,1,-1,-1,-1
348,-1,525,408,50,50,1,-1,-1,-1
348,-1,725,408,50,50,1,-1,-1,-1
349,-1,621,403,50,50,1,-1,-1,-1
349,-1,521,403,50,50,1,-1,-1,-1
349,-1,721,403,50,50,1,-1,-1,-1
350,-1,618,399,50,50,1,-1,-1,-1
350,-1,518,399,50,50,1,-1,-1,-1
350,-1,718,399,50,50,1,-1,-1,-1
351,-1,614,395,50,50,1,-1,-1,-1
351,-1,514,395,50,50,1,-1,-1,-1
351,-1,714,395,50,50,1,-1,-1,-1
352,-1,610,390,50,50,1,-1,-1,-1
352,-1,510,390,50,50,1,-1,-1,-1
352,-1,710,390,50,50,1,-1,-1,-1
353,-1,606,386,50,50,1,-1,-1,-1
353,-1,506,386,50,50,1,-1,-1,-1
353,-1,706,386,50,50,1,-1,-1,-1
354,-1,602,382,50,50,1,-1,-1,-1
354,-1,502,382,50,50,1,-1,-1,-1
354,-1,702,382,50,50,1,-1,-1,-1
355,-1,598,378,50,50,1,-1,-1,-1
355,-1,498,378,50,50,1,-1,-1,-1
355,-1,698,378,50,50,1,-1,-1,-1
356,-1,594,373,50,50,1,-1,-1,-1
356,-1,494,373,50,50,1,-1,-1,-1
356,-1,694,373,50,50,1,-1,-1,-1
357,-1,590,369,50,50,1,-1,-1,-1
357,-1,490,369,50,50,1,-1,-1,-1
357,-1,690,369,50,50,1,-1,-1,-1
358,-1,586,365,50,50,1,-1,-1,-1
358,-1,486,365,50,50,1,-1,-1,-1
358,-1,686,365,50,50,1,-1,-1,-1
359,-1,582,361,50,50,1,-1,-1,-1
359,-1,482,361,50,50,1,-1,-1,-1
359,-1,682,361,50,50,1,-1,-1,-1
360,-1,578,356,50,50,1,-1,-1,-1
360,-1,478,356,50,50,1,-1,-1,-1
360,-1,678,356,50,50,1,-1,-1,-1
361,-1,574,352,50,50,1,-1,-1,-1
361,-1,474,352,50,50,1,-1,-1,-1
361,-1,674,352,50,50,1,-1,-1,-1
362,-1,570,348,50,50,1,-1,-1,-1
362,-1,470,348,50,50,1,-1,-1,-1
362,-1,670,348,50,50,1,-1,-1,-1
363,-1,567,344,50,50,1,-1,-1,-1
363,-1,467,344,50,50,1,-1,-1,-1
363,-1,667,344,50,50,1,-1,-1,-1
364,-1,563,340,50,50,1,-1,-1,-1
364,-1,463,340,50,50,1,-1,-1,-1
364,-1,663,340,50,50,1,-1,-1,-1
365,-1,559,335,50,50,1,-1,-1,-1
365,-1,459,335,50,50,1,-1,-1,-1
365,-1,659,335,50,50,1,-1,-1,-1
366,-1,555,331,50,50,1,-1,-1,-1
366,-1,455,331,50,50,1,-1,-1,-1
366,-1,655,331,50,50,1,-1,-1,-1
367,-1,551,327,50,50,1,-1,-1,-1
367,-1,451,327,50,50,1,-1,-1,-1
367,-1,651,327,50,50,1,-1,-1,-1
368,-1,547,323,50,50,1,-1,-1,-1
368,-1,447,323,50,50,1,-1,-1,-1
368,-1,647,323,50,50,1,-1,-1,-1
369,-1,543,318,50,50,1,-1,-1,-1
369,-1,443,318,50,50,1,-1,-1,-1
369,-1,643,318,50,50,1,-1,-1,-1
370,-1,539,314,50,50,1,-1,-1,-1
370,-1,439,314,50,50,1,-1,-1,-1
370,-1,639,314,50,50,1,-1,-1,-1
371,-1,535,310,50,50,1,-1,-1,-1
371,-1,435,310,50,50,1,-1,-1,-1
371,-1,635,310,50,50,1,-1,-1,-1
372,-1,531,306,50,50,1,-1,-1,-1
372,-1,431,306,50,50,1,-1,-1,-1
372,-1,631,306,50,50,1,-1,-1,-1
373,-1,527,301,50,50,1,-1,-1,-1
373,-1,427,301,50,50,1,-1,-1,-1
373,-1,627,301,50,50,1,-1,-1,-1
374,-1,523,297,50,50,1,-1,-1,-1
374,-1,423,297,50,50,1,-1,-1,-1
374,-1,623,297,50,50,1,-1,-1,-1
375,-1,520,293,50,50,1,-1,-1,-1
375,-1,420,293,50,50,1,-1,-1,-1
375,-1,620,293,50,50,1,-1,-1,-1
376,-1,516,289,50,50,1,-1,-1,-1
376,-1,416,289,50,50,1,-1,-1,-1
376,-1,616,289,50,50,1,-1,-1,-1
377,-1,512,285,50,50,1,-1,-1,-1
377,-1,412,285,50,50,1,-1,-1,-1
377,-1,612,285,50,50,1,-1,-1,-1
378,-1,508,281,50,50,1,-1,-1,-1
378,-1,408,281,50,50,1,-1,-1,-1
378,-1,608,281,50,50,1,-1,-1,-1
379,-1,504,276,50,50,1,-1,-1,-1
379,-1,404,276,50,50,1,-1,-1,-1
379,-1,604,276,50,50,1,-1,-1,-1
380,-1,501,272,50,50,1,-1,-1,-1
380,-1,401,272,50,50,1,-1,-1,-1
380,-1,601,272,50,50,1,-1,-1,-1
381,-1,497,268,50,50,1,-1,-1,-1
381,-1,397,268,50,50,1,-1,-1,-1
381,-1,597,268,50,50,1,-1,-1,-1
382,-1,493,264,50,50,1,-1,-1,-1
382,-1,393,264,50,50,1,-1,-1,-1
382,-1,593,264,50,50,1,-1,-1,-1
383,-1,489,260,50,50,1,-1,-1,-1
383,-1,389,260,50,50,1,-1,-1,-1
383,-1,589,260,50,50,1,-1,-1,-1
384,-1,486,256,50,50,1,-1,-1,-1
384,-1,386,256,50,50,1,-1,-1,-1
384,-1,586,256,50,50,1,-1,-1,-1
385,-1,486,251,50,50,1,-1,-1,-1
385,-1,386,251,50,50,1,-1,-1,-1
385,-1,586,251,50,50,1,-1,-1,-1
386,-1,487,247,50,50,1,-1,-1,-1
386,-1,387,247,50,50,1,-1,-1,-1
386,-1,587,247,50,50,1,-1,-1,-1
387,-1,492,246,50,50,1,-1,-1,-1
387,-1,392,246,50,50,1,-1,-1,-1
387,-1,592,246,50,50,1,-1,-1,-1
388,-1,498,244,50,50,1,-1,-1,-1
388,-1,398,244,50,50,1,-1,-1,-1
388,-1,598,244,50,50,1,-1,-1,-1
389,-1,504,242,50,50,1,-1,-1,-1
389,-1,404,242,50,50,1,-1,-1,-1
389,-1,604,242,50,50,1,-1,-1,-1
390,-1,508,239,50,50,1,-1,-1,-1
390,-1,408,239,50,50,1,-1,-1,-1
390,-1,608,239,50,50,1,-1,-1,-1
391,-1,513,236,50,50,1,-1,-1,-1
391,-1,413,236,50,50,1,-1,-1,-1
391,-1,613,236,50,50,1,-1,-1,-1
392,-1,518,234,50,50,1,-1,-1,-1
392,-1,418,234,50,50,1,-1,-1,-1
392,-1,618,234,50,50,1,-1,-1,-1
393,-1,524,233,50,50,1,-1,-1,-1
393,-1,424,233,50,50,1,-1,-1,-1
393,-1,624,233,50,50,1,-1,-1,-1
394,-1,531,233,50,50,1,-1,-1,-1
394,-1,431,233,50,50,1,-1,-1,-1
394,-1,631,233,50,50,1,-1,-1,-1
395,-1,537,233,50,50,1,-1,-1,-1
395,-1,437,233,50,50,1,-1,-1,-1
395,-1,637,233,50,50,1,-1,-1,-1
396,-1,543,231,50,50,1,-1,-1,-1
396,-1,443,231,50,50,1,-1,-1,-1
396,-1,643,231,50,50,1,-1,-1,-1
397,-1,550,230,50,50,1,-1,-1,-1
397,-1,450,230,50,50,1,-1,-1,-1
397,-1,650,230,50,50,1,-1,-1,-1
398,-1,556,231,50,50,1,-1,-1,-1
398,-1,456,231,50,50,1,-1,-1,-1
398,-1,656,231,50,50,1,-1,-1,-1
399,-1,561,231,50,50,1,-1,-1,-1
399,-1,461,231,50,50,1,-1,-1,-1
399,-1,661,231,50,50,1,-1,-1,-1
400,-1,567,233,50,50,1,-1,-1,-1
400,-1,467,233,50,50,1,-1,-1,-1
400,-1,667,233,50,50,1,-1,-1,-1
401,-1,573,233,50,50,1,-1,-1,-1
401,-1,473,233,50,50,1,-1,-1,-1
401,-1,673,233,50,50,1,-1,-1,-1
402,-1,580,234,50,50,1,-1,-1,-1
402,-1,480,234,50,50,1,-1,-1,-1
402,-1,680,234,50,50,1,-1,-1,-1
403,-1,586,234,50,50,1,-1,-1,-1
403,-1,486,234,50,50,1,-1,-1,-1
403,-1,686,234,50,50,1,-1,-1,-1
404,-1,593,235,50,50,1,-1,-1,-1
404,-1,493,235,50,50,1,-1,-1,-1
404,-1,693,235,50,50,1,-1,-1,-1
405,-1,600,235,50,50,1,-1,-1,-1
405,-1,500,235,50,50,1,-1,-1,-1
405,-1,700,235,50,50,1,-1,-1,-1
406,-1,606,235,50,50,1,-1,-1,-1
406,-1,506,235,50,50,1,-1,-1,-1
406,-1,706,235,50,50,1,-1,-1,-1
407,-1,613,234,50,50,1,-1,-1,-1
407,-1,513,234,50,50,1,-1,-1,-1
407,-1,713,234,50,50,1,-1,-1,-1
408,-1,620,234,50,50,1,-1,-1,-1
408,-1,520,234,50,50,1,-1,-1,-1
408,-1,720,234,50,50,1,-1,-1,-1
409,-1,626,233,50,50,1,-1,-1,-1
409,-1,526,233,50,50,1,-1,-1,-1
409,-1,726,233,50,50,1,-1,-1,-1
410,-1,633,233,50,50,1,-1,-1,-1
410,-1,533,233,50,50,1,-1,-1,-1
410,-1,733,233,50,50,1,-1,-1,-1
411,-1,640,234,50,50,1,-1,-1,-1
411,-1,540,234,50,50,1,-1,-1,-1
411,-1,740,234,50,50,1,-1,-1,-1
412,-1,647,233,50,50,1,-1,-1,-1
412,-1,547,233,50,50,1,-1,-1,-1
412,-1,747,233,50,50,1,-1,-1,-1
413,-1,653,233,50,50,1,-1,-1,-1
413,-1,553,233,50,50,1,-1,-1,-1
413,-1,753,233,50,50,1,-1,-1,-1
414,-1,660,233,50,50,1,-1,-1,-1
414,-1,560,233,50,50,1,-1,-1,-1
414,-1,760,233,50,50,1,-1,-1,-1
415,-1,667,232,50,50,1,-1,-1,-1
415,-1,567,232,50,50,1,-1,-1,-1
415,-1,767,232,50,50,1,-1,-1,-1
416,-1,673,231,50,50,1,-1,-1,-1
416,-1,573,231,50,50,1,-1,-1,-1
416,-1,773,231,50,50,1,-1,-1,-1
417,-1,679,230,50,50,1,-1,-1,-1
417,-1,579,230,50,50,1,-1,-1,-1
417,-1,779,230,50,50,1,-1,-1,-1
418,-1,686,230,50,50,1,-1,-1,-1
418,-1,586,230,50,50,1,-1,-1,-1
418,-1,786,230,50,50,1,-1,-1,-1
419,-1,691,231,50,50,1,-1,-1,-1
419,-1,591,231,50,50,1,-1,-1,-1
419,-1,791,231,50,50,1,-1,-1,-1
420,-1,697,231,50,50,1,-1,-1,-1
420,-1,597,231,50,50,1,-1,-1,-1
420,-1,797,231,50,50,1,-1,-1,-1
421,-1,703,233,50,50,1,-1,-1,-1
421,-1,603,233,50,50,1,-1,-1,-1
421,-1,803,233,50,50,1,-1,-1,-1
422,-1,709,233,50,50,1,-1,-1,-1
422,-1,609,233,50,50,1,-1,-1,-1
422,-1,809,233,50,50,1,-1,-1,-1
423,-1,715,232,50,50,1,-1,-1,-1
423,-1,615,232,50,50,1,-1,-1,-1
423,-1,815,232,50,50,1,-1,-1,-1
424,-1,719,229,50,50,1,-1,-1,-1
424,-1,619,229,50,50,1,-1,-1,-1
424,-1,819,229,50,50,1,-1,-1,-1
425,-1,723,226,50,50,1,-1,-1,-1
425,-1,623,226,50,50,1,-1,-1,-1
425,-1,823,226,50,50,1,-1,-1,-1
426,-1,728,224,50,50,1,-1,-1,-1
426,-1,628,224,50,50,1,-1,-1,-1
426,-1,828,224,50,50,1,-1,-1,-1
427,-1,733,221,50,50,1,-1,-1,-1
427,-1,633,221,50,50,1,-1,-1,-1
427,-1,833,221,50,50,1,-1,-1,-1
428,-1,739,219,50,50,1,-1,-1,-1
428,-1,639,219,50,50,1,-1,-1,-1
428,-1,839,219,50,50,1,-1,-1,-1
429,-1,743,216,50,50,1,-1,-1,-1
429,-1,643,216,50,50,1,-1,-1,-1
429,-1,843,216,50,50,1,-1,-1,-1
430,-1,748,213,50,50,1,-1,-1,-1
430,-1,648,213,50,50,1,-1,-1,-1
430,-1,848,213,50,50,1,-1,-1,-1
431,-1,753,211,50,50,1,-1,-1,-1
431,-1,653,211,50,50,1,-1,-1,-1
431,-1,853,211,50,50,1,-1,-1,-1
432,-1,758,208,50,50,1,-1,-1,-1
432,-1,658,208,50,50,1,-1,-1,-1
432,-1,858,208,50,50,1,-1,-1,-1
433,-1,761,204,50,50,1,-1,-1,-1
433,-1,661,204,50,50,1,-1,-1,-1
433,-1,861,204,50,50,1,-1,-1,-1
434,-1,764,200,50,50,1,-1,-1,-1
434,-1,664,200,50,50,1,-1,-1,-1
434,-1,864,200,50,50,1,-1,-1,-1
435,-1,767,196,50,50,1,-1,-1,-1
435,-1,667,196,50,50,1,-1,-1,-1
435,-1,867,196,50,50,1,-1,-1,-1
436,-1,771,193,50,50,1,-1,-1,-1
436,-1,671,193,50,50,1,-1,-1,-1
436,-1,871,193,50,50,1,-1,-1,-1
437,-1,774,189,50,50,1,-1,-1,-1
437,-1,674,189,50,50,1,-1,-1,-1
437,-1,874,189,50,50,1,-1,-1,-1
438,-1,775,186,50,50,1,-1,-1,-1
438,-1,675,186,50,50,1,-1,-1,-1
438,-1,875,186,50,50,1,-1,-1,-1
439,-1,773,190,50,50,1,-1,-1,-1
439,-1,673,190,50,50,1,-1,-1,-1
439,-1,873,190,50,50,1,-1,-1,-1
440,-1,770,194,50,50,1,-1,-1,-1
440,-1,670,194,50,50,1,-1,-1,-1
440,-1,870,194,50,50,1,-1,-1,-1
441,-1,766,197,50,50,1,-1,-1,-1
441,-1,666,197,50,50,1,-1,-1,-1
441,-1,866,197,50,50,1,-1,-1,-1
442,-1,763,201,50,50,1,-1,-1,-1
442,-1,663,201,50,50,1,-1,-1,-1
442,-1,863,201,50,50,1,-1,-1,-1
443,-1,760,206,50,50,1,-1,-1,-1
443,-1,660,206,50,50,1,-1,-1,-1
443,-1,860,206,50,50,1,-1,-1,-1
444,-1,757,209,50,50,1,-1,-1,-1
444,-1,657,209,50,50,1,-1,-1,-1
444,-1,857,209,50,50,1,-1,-1,-1
445,-1,751,211,50,50,1,-1,-1,-1
445,-1,651,211,50,50,1,-1,-1,-1
445,-1,851,211,50,50,1,-1,-1,-1
446,-1,746,214,50,50,1,-1,-1,-1
446,-1,646,214,50,50,1,-1,-1,-1
446,-1,846,214,50,50,1,-1,-1,-1
447,-1,742,217,50,50,1,-1,-1,-1
447,-1,642,217,50,50,1,-1,-1,-1
447,-1,842,217,50,50,1,-1,-1,-1
448,-1,737,219,50,50,1,-1,-1,-1
448,-1,637,219,50,50,1,-1,-1,-1
448,-1,837,219,50,50,1,-1,-1,-1
449,-1,732,222,50,50,1,-1,-1,-1
449,-1,632,222,50,50,1,-1,-1,-1
449,-1,832,222,50,50,1,-1,-1,-1
450,-1,727,224,50,50,1,-1,-1,-1
450,-1,627,224,50,50,1,-1,-1,-1
450,-1,827,224,50,50,1,-1,-1,-1
451,-1,722,227,50,50,1,-1,-1,-1
451,-1,622,227,50,50,1,-1,-1,-1
451,-1,822,227,50,50,1,-1,-1,-1
452,-1,717,230,50,50,1,-1,-1,-1
452,-1,617,230,50,50,1,-1,-1,-1
452,-1,817,230,50,50,1,-1,-1,-1
453,-1,712,232,50,50,1,-1,-1,-1
453,-1,612,232,50,50,1,-1,-1,-1
453,-1,812,232,50,50,1,-1,-1,-1
454,-1,706,233,50,50,1,-1,-1,-1
454,-1,606,233,50,50,1,-1,-1,-1
454,-1,806,233,50,50,1,-1,-1,-1
455,-1,700,232,50,50,1,-1,-1,-1
455,-1,600,232,50,50,1,-1,-1,-1
455,-1,800,232,50,50,1,-1,-1,-1
456,-1,694,231,50,50,1,-1,-1,-1
456,-1,594,231,50,50,1,-1,-1,-1
456,-1,794,231,50,50,1,-1,-1,-1
457,-1,688,230,50,50,1,-1,-1,-1
457,-1,588,230,50,50,1,-1,-1,-1
457,-1,788,230,50,50,1,-1,-1,-1
458,-1,682,230,50,50,1,-1,-1,-1
458,-1,582,230,50,50,1,-1,-1,-1
458,-1,782,230,50,50,1,-1,-1,-1
459,-1,676,231,50,50,1,-1,-1,-1
459,-1,576,231,50,50,1,-1,-1,-1
459,-1,776,231,50,50,1,-1,-1,-1
460,-1,670,231,50,50,1,-1,-1,-1
460,-1,570,231,50,50,1,-1,-1,-1
460,-1,770,231,50,50,1,-1,-1,-1
461,-1,664,232,50,50,1,-1,-1,-1
461,-1,564,232,50,50,1,-1,-1,-1
461,-1,764,232,50,50,1,-1,-1,-1
462,-1,658,233,50,50,1,-1,-1,-1
462,-1,558,233,50,50,1,-1,-1,-1
462,-1,758,233,50,50,1,-1,-1,-1
463,-1,652,233,50,50,1,-1,-1,-1
463,-1,552,233,50,50,1,-1,-1,-1
463,-1,752,233,50,50,1,-1,-1,-1
464,-1,645,233,50,50,1,-1,-1,-1
464,-1,545,233,50,50,1,-1,-1,-1
464,-1,745,233,50,50,1,-1,-1,-1
465,-1,639,233,50,50,1,-1,-1,-1
465,-1,539,233,50,50,1,-1,-1,-1
465,-1,739,233,50,50,1,-1,-1,-1
466,-1,633,233,50,50,1,-1,-1,-1
466,-1,533,233,50,50,1,-1,-1,-1
466,-1,733,233,50,50,1,-1,-1,-1
467,-1,627,233,50,50,1,-1,-1,-1
467,-1,527,233,50,50,1,-1,-1,-1
467,-1,727,233,50,50,1,-1,-1,-1
468,-1,621,233,50,50,1,-1,-1,-1
468,-1,521,233,50,50,1,-1,-1,-1
468,-1,721,233,50,50,1,-1,-1,-1
469,-1,615,234,50,50,1,-1,-1,-1
469,-1,515,234,50,50,1,-1,-1,-1
469,-1,715,234,50,50,1,-1,-1,-1
470,-1,609,235,50,50,1,-1,-1,-1
470,-1,509,235,50,50,1,-1,-1,-1
470,-1,709,235,50,50,1,-1,-1,-1
471,-1,603,235,50,50,1,-1,-1,-1
471,-1,503,235,50,50,1,-1,-1,-1
471,-1,703,235,50,50,1,-1,-1,-1
472,-1,597,235,50,50,1,-1,-1,-1
472,-1,497,235,50,50,1,-1,-1,-1
472,-1,697,235,50,50,1,-1,-1,-1
473,-1,591,235,50,50,1,-1,-1,-1
473,-1,491,235,50,50,1,-1,-1,-1
473,-1,691,235,50,50,1,-1,-1,-1
474,-1,585,233,50,50,1,-1,-1,-1
474,-1,485,233,50,50,1,-1,-1,-1
474,-1,685,233,50,50,1,-1,-1,-1
475,-1,579,234,50,50,1,-1,-1,-1
475,-1,479,234,50,50,1,-1,-1,-1
475,-1,679,234,50,50,1,-1,-1,-1
476,-1,573,233,50,50,1,-1,-1,-1
476,-1,473,233,50,50,1,-1,-1,-1
476,-1,673,233,50,50,1,-1,-1,-1
477,-1,567,232,50,50,1,-1,-1,-1
477,-1,467,232,50,50,1,-1,-1,-1
477,-1,667,232,50,50,1,-1,-1,-1
478,-1,561,231,50,50,1,-1,-1,-1
478,-1,461,231,50,50,1,-1,-1,-1
478,-1,661,231,50,50,1,-1,-1,-1
479,-1,556,230,50,50,1,-1,-1,-1
479,-1,456,230,50,50,1,-1,-1,-1
479,-1,656,230,50,50,1,-1,-1,-1
480,-1,550,230,50,50,1,-1,-1,-1
480,-1,450,230,50,50,1,-1,-1,-1
480,-1,650,230,50,50,1,-1,-1,-1
481,-1,544,231,50,50,1,-1,-1,-1
481,-1,444,231,50,50,1,-1,-1,-1
481,-1,644,231,50,50,1,-1,-1,-1
482,-1,538,232,50,50,1,-1,-1,-1
482,-1,438,232,50,50,1,-1,-1,-1
482,-1,638,232,50,50,1,-1,-1,-1
483,-1,532,233,50,50,1,-1,-1,-1
483,-1,432,233,50,50,1,-1,-1,-1
483,-1,632,233,50,50,1,-1,-1,-1
484,-1,526,233,50,50,1,-1,-1,-1
484,-1,426,233,50,50,1,-1,-1,-1
484,-1,626,233,50,50,1,-1,-1,-1
485,-1,519,233,50,50,1,-1,-1,-1
485,-1,419,233,50,50,1,-1,-1,-1
485,-1,619,233,50,50,1,-1,-1,-1
486,-1,514,235,50,50,1,-1,-1,-1
486,-1,414,235,50,50,1,-1,-1,-1
486,-1,614,235,50,50,1,-1,-1,-1
487,-1,509,238,50,50,1,-1,-1,-1
487,-1,409,238,50,50,1,-1,-1,-1
487,-1,609,238,50,50,1,-1,-1,-1
488,-1,505,241,50,50,1,-1,-1,-1
488,-1,405,241,50,50,1,-1,-1,-1
488,-1,605,241,50,50,1,-1,-1,-1
489,-1,499,243,50,50,1,-1,-1,-1
489,-1,399,243,50,50,1,-1,-1,-1
489,-1,599,243,50,50,1,-1,-1,-1
490,-1,494,245,50,50,1,-1,-1,-1
490,-1,394,245,50,50,1,-1,-1,-1
490,-1,594,245,50,50,1,-1,-1,-1
491,-1,488,247,50,50,1,-1,-1,-1
491,-1,388,247,50,50,1,-1,-1,-1
491,-1,588,247,50,50,1,-1,-1,-1
492,-1,483,248,50,50,1,-1,-1,-1
492,-1,383,248,50,50,1,-1,-1,-1
492,-1,583,248,50,50,1,-1,-1,-1
493,-1,477,249,50,50,1,-1,-1,-1
493,-1,377,249,50,50,1,-1,-1,-1
493,-1,577,249,50,50,1,-1,-1,-1
494,-1,471,251,50,50,1,-1,-1,-1
494,-1,371,251,50,50,1,-1,-1,-1
494,-1,571,251,50,50,1,-1,-1,-1
495,-1,466,254,50,50,1,-1,-1,-1
495,-1,366,254,50,50,1,-1,-1,-1
495,-1,566,254,50,50,1,-1,-1,-1
496,-1,461,257,50,50,1,-1,-1,-1
496,-1,361,257,50,50,1,-1,-1,-1
496,-1,561,257,50,50,1,-1,-1,-1
497,-1,457,260,50,50,1,-1,-1,-1
497,-1,357,260,50,50,1,-1,-1,-1
497,-1,557,260,50,50,1,-1,-1,-1
498,-1,453,264,50,50,1,-1,-1,-1
498,-1,353,264,50,50,1,-1,-1,-1
498,-1,553,264,50,50,1,-1,-1,-1
499,-1,448,267,50,50,1,-1,-1,-1
499,-1,348,267,50,50,1,-1,-1,-1
499,-1,548,267,50,50,1,-1,-1,-1
500,-1,444,270,50,50,1,-1,-1,-1
500,-1,344,270,50,50,1,-1,-1,-1
500,-1,544,270,50,50,1,-1,-1,-1
501,-1,439,273,50,50,1,-1,-1,-1
501,-1,339,273,50,50,1,-1,-1,-1
501,-1,539,273,50,50,1,-1,-1,-1
502,-1,433,275,50,50,1,-1,-1,-1
502,-1,333,275,50,50,1,-1,-1,-1
502,-1,533,275,50,50,1,-1,-1,-1
503,-1,428,277,50,50,1,-1,-1,-1
503,-1,328,277,50,50,1,-1,-1,-1
503,-1,528,277,50,50,1,-1,-1,-1
504,-1,422,279,50,50,1,-1,-1,-1
504,-1,322,279,50,50,1,-1,-1,-1
504,-1,522,279,50,50,1,-1,-1,-1
505,-1,416,280,50,50,1,-1,-1,-1
505,-1,316,280,50,50,1,-1,-1,-1
505,-1,516,280,50,50,1,-1,-1,-1
506,-1,410,281,50,50,1,-1,-1,-1
506,-1,310,281,50,50,1,-1,-1,-1
506,-1,510,281,50,50,1,-1,-1,-1
507,-1,404,281,50,50,1,-1,-1,-1
507,-1,304,281,50,50,1,-1,-1,-1
507,-1,504,281,50,50,1,-1,-1,-1
508,-1,397,281,50,50,1,-1,-1,-1
508,-1,297,281,50,50,1,-1,-1,-1
508,-1,497,281,50,50,1,-1,-1,-1
509,-1,391,281,50,50,1,-1,-1,-1
509,-1,291,281,50,50,1,-1,-1,-1
509,-1,491,281,50,50,1,-1,-1,-1
510,-1,385,280,50,50,1,-1,-1,-1
510,-1,285,280,50,50,1,-1,-1,-1
510,-1,485,280,50,50,1,-1,-1,-1
511,-1,379,280,50,50,1,-1,-1,-1
511,-1,279,280,50,50,1,-1,-1,-1
511,-1,479,280,50,50,1,-1,-1,-1
512,-1,373,281,50,50,1,-1,-1,-1
512,-1,273,281,50,50,1,-1,-1,-1
512,-1,473,281,50,50,1,-1,-1,-1
513,-1,367,282,50,50,1,-1,-1,-1
513,-1,267,282,50,50,1,-1,-1,-1
513,-1,467,282,50,50,1,-1,-1,-1
514,-1,361,283,50,50,1,-1,-1,-1
514,-1,261,283,50,50,1,-1,-1,-1
514,-1,461,283,50,50,1,-1,-1,-1
515,-1,355,285,50,50,1,-1,-1,-1
515,-1,255,285,50,50,1,-1,-1,-1
515,-1,455,285,50,50,1,-1,-1,-1
516,-1,349,286,50,50,1,-1,-1,-1
516,-1,249,286,50,50,1,-1,-1,-1
516,-1,449,286,50,50,1,-1,-1,-1
517,-1,343,288,50,50,1,-1,-1,-1
517,-1,243,288,50,50,1,-1,-1,-1
517,-1,443,288,50,50,1,-1,-1,-1
518,-1,336,289,50,50,1,-1,-1,-1
518,-1,236,289,50,50,1,-1,-1,-1
518,-1,436,289,50,50,1,-1,-1,-1
519,-1,330,291,50,50,1,-1,-1,-1
519,-1,230,291,50,50,1,-1,-1,-1
519,-1,430,291,50,50,1,-1,-1,-1
520,-1,324,292,50,50,1,-1,-1,-1
520,-1,224,292,50,50,1,-1,-1,-1
520,-1,424,292,50,50,1,-1,-1,-1
521,-1,319,294,50,50,1,-1,-1,-1
521,-1,219,294,50,50,1,-1,-1,-1
521,-1,419,294,50,50,1,-1,-1,-1
522,-1,313,295,50,50,1,-1,-1,-1
522,-1,213,295,50,50,1,-1,-1,-1
522,-1,413,295,50,50,1,-1,-1,-1
523,-1,307,297,50,50,1,-1,-1,-1
523,-1,207,297,50,50,1,-1,-1,-1
523,-1,407,297,50,50,1,-1,-1,-1
524,-1,301,298,50,50,1,-1,-1,-1
524,-1,201,298,50,50,1,-1,-1,-1
524,-1,401,298,50,50,1,-1,-1,-1
525,-1,295,300,50,50,1,-1,-1,-1
525,-1,195,300,50,50,1,-1,-1,-1
525,-1,395,300,50,50,1,-1,-1,-1
526,-1,288,301,50,50,1,-1,-1,-1
526,-1,188,301,50,50,1,-1,-1,-1
526,-1,388,301,50,50,1,-1,-1,-1
527,-1,282,303,50,50,1,-1,-1,-1
527,-1,182,303,50,50,1,-1,-1,-1
527,-1,382,303,50,50,1,-1,-1,-1
528,-1,276,304,50,50,1,-1,-1,-1
528,-1,176,304,50,50,1,-1,-1,-1
528,-1,376,304,50,50,1,-1,-1,-1
529,-1,270,306,50,50,1,-1,-1,-1
529,-1,170,306,50,50,1,-1,-1,-1
529,-1,370,306,50,50,1,-1,-1,-1
530,-1,263,307,50,50,1,-1,-1,-1
530,-1,163,307,50,50,1,-1,-1,-1
530,-1,363,307,50,50,1,-1,-1,-1
531,-1,257,309,50,50,1,-1,-1,-1
531,-1,157,309,50,50,1,-1,-1,-1
531,-1,357,309,50,50,1,-1,-1,-1
532,-1,251,310,50,50,1,-1,-1,-1
532,-1,151,310,50,50,1,-1,-1,-1
532,-1,351,310,50,50,1,-1,-1,-1
533,-1,244,311,50,50,1,-1,-1,-1
533,-1,144,311,50,50,1,-1,-1,-1
533,-1,344,311,50,50,1,-1,-1,-1
534,-1,239,312,50,50,1,-1,-1,-1
534,-1,139,312,50,50,1,-1,-1,-1
534,-1,339,312,50,50,1,-1,-1,-1
535,-1,233,312,50,50,1,-1,-1,-1
535,-1,133,312,50,50,1,-1,-1,-1
535,-1,333,312,50,50,1,-1,-1,-1
536,-1,226,312,50,50,1,-1,-1,-1
536,-1,126,312,50,50,1,-1,-1,-1
536,-1,326,312,50,50,1,-1,-1,-1
537,-1,221,312,50,50,1,-1,-1,-1
537,-1,121,312,50,50,1,-1,-1,-1
537,-1,321,312,50,50,1,-1,-1,-1
538,-1,215,311,50,50,1,-1,-1,-1
538,-1,115,311,50,50,1,-1,-1,-1
538,-1,315,311,50,50,1,-1,-1,-1
539,-1,209,310,50,50,1,-1,-1,-1
539,-1,109,310,50,50,1,-1,-1,-1
539,-1,309,310,50,50,1,-1,-1,-1
540,-1,203,309,50,50,1,-1,-1,-1
540,-1,103,309,50,50,1,-1,-1,-1
540,-1,303,309,50,50,1,-1,-1,-1
541,-1,197,308,50,50,1,-1,-1,-1
541,-1,97,308,50,50,1,-1,-1,-1
541,-1,297,308,50,50,1,-1,-1,-1
542,-1,191,308,50,50,1,-1,-1,-1
542,-1,91,308,50,50,1,-1,-1,-1
542,-1,291,308,50,50,1,-1,-1,-1
543,-1,185,307,50,50,1,-1,-1,-1
543,-1,85,307,50,50,1,-1,-1,-1
543,-1,285,307,50,50,1,-1,-1,-1
544,-1,179,306,50,50,1,-1,-1,-1
544,-1,79,306,50,50,1,-1,-1,-1
544,-1,279,306,50,50,1,-1,-1,-1
545,-1,173,305,50,50,1,-1,-1,-1
545,-1,73,305,50,50,1,-1,-1,-1
545,-1,273,305,50,50,1,-1,-1,-1
546,-1,167,304,50,50,1,-1,-1,-1
546,-1,67,304,50,50,1,-1,-1,-1
546,-1,267,304,50,50,1,-1,-1,-1
547,-1,161,303,50,50,1,-1,-1,-1
547,-1,61,303,50,50,1,-1,-1,-1
547,-1,261,303,50,50,1,-1,-1,-1
548,-1,154,302,50,50,1,-1,-1,-1
548,-1,54,302,50,50,1,-1,-1,-1
548,-1,254,302,50,50,1,-1,-1,-1
549,-1,148,302,50,50,1,-1,-1,-1
549,-1,48,302,50,50,1,-1,-1,-1
549,-1,248,302,50,50,1,-1,-1,-1
550,-1,142,301,50,50,1,-1,-1,-1
550,-1,42,301,50,50,1,-1,-1,-1
550,-1,242,301,50,50,1,-1,-1,-1
551,-1,137,300,50,50,1,-1,-1,-1
551,-1,37,300,50,50,1,-1,-1,-1
551,-1,237,300,50,50,1,-1,-1,-1
552,-1,131,297,50,50,1,-1,-1,-1
552,-1,31,297,50,50,1,-1,-1,-1
552,-1,231,297,50,50,1,-1,-1,-1
553,-1,127,293,50,50,1,-1,-1,-1
553,-1,27,293,50,50,1,-1,-1,-1
553,-1,227,293,50,50,1,-1,-1,-1
554,-1,126,289,50,50,1,-1,-1,-1
554,-1,26,289,50,50,1,-1,-1,-1
554,-1,226,289,50,50,1,-1,-1,-1
555,-1,126,284,50,50,1,-1,-1,-1
555,-1,26,284,50,50,1,-1,-1,-1
555,-1,226,284,50,50,1,-1,-1,-1
556,-1,128,280,50,50,1,-1,-1,-1
556,-1,28,280,50,50,1,-1,-1,-1
556,-1,228,280,50,50,1,-1,-1,-1
557,-1,128,275,50,50,1,-1,-1,-1
557,-1,28,275,50,50,1,-1,-1,-1
557,-1,228,275,50,50,1,-1,-1,-1
558,-1,130,271,50,50,1,-1,-1,-1
558,-1,30,271,50,50,1,-1,-1,-1
558,-1,230,271,50,50,1,-1,-1,-1
559,-1,136,271,50,50,1,-1,-1,-1
559,-1,36,271,50,50,1,-1,-1,-1
559,-1,236,271,50,50,1,-1,-1,-1
560,-1,141,271,50,50,1,-1,-1,-1
560,-1,41,271,50,50,1,-1,-1,-1
560,-1,241,271,50,50,1,-1,-1,-1
561,-1,139,274,50,50,1,-1,-1,-1
561,-1,39,274,50,50,1,-1,-1,-1
561,-1,239,274,50,50,1,-1,-1,-1
562,-1,136,270,50,50,1,-1,-1,-1
562,-1,36,270,50,50,1,-1,-1,-1
562,-1,236,270,50,50,1,-1,-1,-1
563,-1,136,265,50,50,1,-1,-1,-1
563,-1,36,265,50,50,1,-1,-1,-1
563,-1,236,265,50,50,1,-1,-1,-1
564,-1,135,260,50,50,1,-1,-1,-1
564,-1,35,260,50,50,1,-1,-1,-1
564,-1,235,260,50,50,1,-1,-1,-1
565,-1,134,256,50,50,1,-1,-1,-1
565,-1,34,256,50,50,1,-1,-1,-1
565,-1,234,256,50,50,1,-1,-1,-1
566,-1,133,251,50,50,1,-1,-1,-1
566,-1,33,251,50,50,1,-1,-1,-1
566,-1,233,251,50,50,1,-1,-1,-1
567,-1,132,246,50,50,1,-1,-1,-1
567,-1,32,246,50,50,1,-1,-1,-1
567,-1,232,246,50,50,1,-1,-1,-1
568,-1,131,241,50,50,1,-1,-1,-1
568,-1,31,241,50,50,1,-1,-1,-1
568,-1,231,241,50,50,1,-1,-1,-1
569,-1,130,237,50,50,1,-1,-1,-1
569,-1,30,237,50,50,1,-1,-1,-1
569,-1,230,237,50,50,1,-1,-1,-1
570,-1,130,232,50,50,1,-1,-1,-1
570,-1,30,232,50,50,1,-1,-1,-1
570,-1,230,232,50,50,1,-1,-1,-1
571,-1,129,227,50,50,1,-1,-1,-1
571,-1,29,227,50,50,1,-1,-1,-1
571,-1,229,227,50,50,1,-1,-1,-1
572,-1,129,222,50,50,1,-1,-1,-1
572,-1,29,222,50,50,1,-1,-1,-1
572,-1,229,222,50,50,1,-1,-1,-1
573,-1,128,218,50,50,1,-1,-1,-1
573,-1,28,218,50,50,1,-1,-1,-1
573,-1,228,218,50,50,1,-1,-1,-1
574,-1,128,213,50,50,1,-1,-1,-1
574,-1,28,213,50,50,1,-1,-1,-1
574,-1,228,213,50,50,1,-1,-1,-1
575,-1,127,208,50,50,1,-1,-1,-1
575,-1,27,208,50,50,1,-1,-1,-1
575,-1,227,208,50,50,1,-1,-1,-1
576,-1,127,203,50,50,1,-1,-1,-1
576,-1,27,203,50,50,1,-1,-1,-1
576,-1,227,203,50,50,1,-1,-1,-1
577,-1,127,198,50,50,1,-1,-1,-1
577,-1,27,198,50,50,1,-1,-1,-1
577,-1,227,198,50,50,1,-1,-1,-1
578,-1,127,194,50,50,1,-1,-1,-1
578,-1,27,194,50,50,1,-1,-1,-1
578,-1,227,194,50,50,1,-1,-1,-1
579,-1,127,189,50,50,1,-1,-1,-1
579,-1,27,189,50,50,1,-1,-1,-1
579,-1,227,189,50,50,1,-1,-1,-1
580,-1,127,184,50,50,1,-1,-1,-1
580,-1,27,184,50,50,1,-1,-1,-1
580,-1,227,184,50,50,1,-1,-1,-1
581,-1,127,179,50,50,1,-1,-1,-1
581,-1,27,179,50,50,1,-1,-1,-1
581,-1,227,179,50,50,1,-1,-1,-1
582,-1,126,175,50,50,1,-1,-1,-1
582,-1,26,175,50,50,1,-1,-1,-1
582,-1,226,175,50,50,1,-1,-1,-1
583,-1,126,170,50,50,1,-1,-1,-1
583,-1,26,170,50,50,1,-1,-1,-1
583,-1,226,170,50,50,1,-1,-1,-1
584,-1,127,165,50,50,1,-1,-1,-1
584,-1,27,165,50,50,1,-1,-1,-1
584,-1,227,165,50,50,1,-1,-1,-1
585,-1,130,161,50,50,1,-1,-1,-1
585,-1,30,161,50,50,1,-1,-1,-1
585,-1,230,161,50,50,1,-1,-1,-1
586,-1,135,158,50,50,1,-1,-1,-1
586,-1,35,158,50,50,1,-1,-1,-1
586,-1,235,158,50,50,1,-1,-1,-1
587,-1,140,156,50,50,1,-1,-1,-1
587,-1,40,156,50,50,1,-1,-1,-1
587,-1,240,156,50,50,1,-1,-1,-1
588,-1,147,155,50,50,1,-1,-1,-1
588,-1,47,155,50,50,1,-1,-1,-1
588,-1,247,155,50,50,1,-1,-1,-1
589,-1,153,154,50,50,1,-1,-1,-1
589,-1,53,154,50,50,1,-1,-1,-1
589,-1,253,154,50,50,1,-1,-1,-1
590,-1,158,152,50,50,1,-1,-1,-1
590,-1,58,152,50,50,1,-1,-1,-1
590,-1,258,152,50,50,1,-1,-1,-1
591,-1,163,150,50,50,1,-1,-1,-1
591,-1,63,150,50,50,1,-1,-1,-1
591,-1,263,150,50,50,1,-1,-1,-1
592,-1,168,148,50,50,1,-1,-1,-1
592,-1,68,148,50,50,1,-1,-1,-1
592,-1,268,148,50,50,1,-1,-1,-1
593,-1,174,145,50,50,1,-1,-1,-1
593,-1,74,145,50,50,1,-1,-1,-1
593,-1,274,145,50,50,1,-1,-1,-1
594,-1,179,143,50,50,1,-1,-1,-1
594,-1,79,143,50,50,1,-1,-1,-1
594,-1,279,143,50,50,1,-1,-1,-1
595,-1,185,141,50,50,1,-1,-1,-1
595,-1,85,141,50,50,1,-1,-1,-1
595,-1,285,141,50,50,1,-1,-1,-1
596,-1,191,139,50,50,1,-1,-1,-1
596,-1,91,139,50,50,1,-1,-1,-1
596,-1,291,139,50,50,1,-1,-1,-1
597,-1,197,137,50,50,1,-1,-1,-1
597,-1,97,137,50,50,1,-1,-1,-1
597,-1,297,137,50,50,1,-1,-1,-1
598,-1,202,135,50,50,1,-1,-1,-1
598,-1,102,135,50,50,1,-1,-1,-1
598,-1,302,135,50,50,1,-1,-1,-1
599,-1,208,133,50,50,1,-1,-1,-1
599,-1,108,133,50,50,1,-1,-1,-1
599,-1,308,133,50,50,1,-1,-1,-1
600,-1,214,132,50,50,1,-1,-1,-1
600,-1,114,132,50,50,1,-1,-1,-1
600,-1,314,132,50,50,1,-1,-1,-1
601,-1,220,131,50,50,1,-1,-1,-1
601,-1,120,131,50,50,1,-1,-1,-1
601,-1,320,131,50,50,1,-1,-1,-1
602,-1,225,130,50,50,1,-1,-1,-1
602,-1,125,130,50,50,1,-1,-1,-1
602,-1,325,130,50,50,1,-1,-1,-1
603,-1,232,129,50,50,1,-1,-1,-1
603,-1,132,129,50,50,1,-1,-1,-1
603,-1,332,129,50,50,1,-1,-1,-1
604,-1,238,129,50,50,1,-1,-1,-1
604,-1,138,129,50,50,1,-1,-1,-1
604,-1,338,129,50,50,1,-1,-1,-1
605,-1,245,128,50,50,1,-1,-1,-1
605,-1,145,128,50,50,1,-1,-1,-1
605,-1,345,128,50,50,1,-1,-1,-1
606,-1,251,128,50,50,1,-1,-1,-1
606,-1,151,128,50,50,1,-1,-1,-1
606,-1,351,128,50,50,1,-1,-1,-1
607,-1,258,129,50,50,1,-1,-1,-1
607,-1,158,129,50,50,1,-1,-1,-1
607,-1,358,129,50,50,1,-1,-1,-1
608,-1,261,131,50,50,1,-1,-1,-1
608,-1,161,131,50,50,1,-1,-1,-1
608,-1,361,131,50,50,1,-1,-1,-1
609,-1,257,131,50,50,1,-1,-1,-1
609,-1,157,131,50,50,1,-1,-1,-1
609,-1,357,131,50,50,1,-1,-1,-1
610,-1,257,126,50,50,1,-1,-1,-1
610,-1,157,126,50,50,1,-1,-1,-1
610,-1,357,126,50,50,1,-1,-1,-1
611,-1,255,123,50,50,1,-1,-1,-1
611,-1,155,123,50,50,1,-1,-1,-1
611,-1,355,123,50,50,1,-1,-1,-1
612,-1,251,126,50,50,1,-1,-1,-1
612,-1,151,126,50,50,1,-1,-1,-1
612,-1,351,126,50,50,1,-1,-1,-1
613,-1,245,127,50,50,1,-1,-1,-1
613,-1,145,127,50,50,1,-1,-1,-1
613,-1,345,127,50,50,1,-1,-1,-1
614,-1,239,128,50,50,1,-1,-1,-1
614,-1,139,128,50,50,1,-1,-1,-1
614,-1,339,128,50,50,1,-1,-1,-1
615,-1,233,128,50,50,1,-1,-1,-1
615,-1,133,128,50,50,1,-1,-1,-1
615,-1,333,128,50,50,1,-1,-1,-1
616,-1,227,129,50,50,1,-1,-1,-1
616,-1,127,129,50,50,1,-1,-1,-1
616,-1,327,129,50,50,1,-1,-1,-1
617,-1,221,130,50,50,1,-1,-1,-1
617,-1,121,130,50,50,1,-1,-1,-1
617,-1,321,130,50,50,1,-1,-1,-1
618,-1,215,131,50,50,1,-1,-1,-1
618,-1,115,131,50,50,1,-1,-1,-1
618,-1,315,131,50,50,1,-1,-1,-1
619,-1,209,132,50,50,1,-1,-1,-1
619,-1,109,132,50,50,1,-1,-1,-1
619,-1,309,132,50,50,1,-1,-1,-1
620,-1,203,134,50,50,1,-1,-1,-1
620,-1,103,134,50,50,1,-1,-1,-1
620,-1,303,134,50,50,1,-1,-1,-1
621,-1,197,135,50,50,1,-1,-1,-1
621,-1,97,135,50,50,1,-1,-1,-1
621,-1,297,135,50,50,1,-1,-1,-1
622,-1,192,137,50,50,1,-1,-1,-1
622,-1,92,137,50,50,1,-1,-1,-1
622,-1,292,137,50,50,1,-1,-1,-1
623,-1,186,140,50,50,1,-1,-1,-1
623,-1,86,140,50,50,1,-1,-1,-1
623,-1,286,140,50,50,1,-1,-1,-1
624,-1,181,142,50,50,1,-1,-1,-1
624,-1,81,142,50,50,1,-1,-1,-1
624,-1,281,142,50,50,1,-1,-1,-1
625,-1,176,144,50,50,1,-1,-1,-1
625,-1,76,144,50,50,1,-1,-1,-1
625,-1,276,144,50,50,1,-1,-1,-1
626,-1,170,146,50,50,1,-1,-1,-1
626,-1,70,146,50,50,1,-1,-1,-1
626,-1,270,146,50,50,1,-1,-1,-1
627,-1,164,149,50,50,1,-1,-1,-1
627,-1,64,149,50,50,1,-1,-1,-1
627,-1,264,149,50,50,1,-1,-1,-1
628,-1,158,151,50,50,1,-1,-1,-1
628,-1,58,151,50,50,1,-1,-1,-1
628,-1,258,151,50,50,1,-1,-1,-1
629,-1,151,153,50,50,1,-1,-1,-1
629,-1,51,153,50,50,1,-1,-1,-1
629,-1,251,153,50,50,1,-1,-1,-1
630,-1,145,154,50,50,1,-1,-1,-1
630,-1,45,154,50,50,1,-1,-1,-1
630,-1,245,154,50,50,1,-1,-1,-1
631,-1,139,153,50,50,1,-1,-1,-1
631,-1,39,153,50,50,1,-1,-1,-1
631,-1,239,153,50,50,1,-1,-1,-1
632,-1,133,152,50,50,1,-1,-1,-1
632,-1,33,152,50,50,1,-1,-1,-1
632,-1,233,152,50,50,1,-1,-1,-1
633,-1,127,152,50,50,1,-1,-1,-1
633,-1,27,152,50,50,1,-1,-1,-1
633,-1,227,152,50,50,1,-1,-1,-1
634,-1,121,151,50,50,1,-1,-1,-1
634,-1,21,151,50,50,1,-1,-1,-1
634,-1,221,151,50,50,1,-1,-1,-1
635,-1,117,148,50,50,1,-1,-1,-1
635,-1,17,148,50,50,1,-1,-1,-1
635,-1,217,148,50,50,1,-1,-1,-1
636,-1,114,144,50,50,1,-1,-1,-1
636,-1,14,144,50,50,1,-1,-1,-1
636,-1,214,144,50,50,1,-1,-1,-1
637,-1,115,140,50,50,1,-1,-1,-1
637,-1,15,140,50,50,1,-1,-1,-1
637,-1,215,140,50,50,1,-1,-1,-1
638,-1,120,141,50,50,1,-1,-1,-1
638,-1,20,141,50,50,1,-1,-1,-1
638,-1,220,141,50,50,1,-1,-1,-1
639,-1,121,145,50,50,1,-1,-1,-1
639,-1,21,145,50,50,1,-1,-1,-1
639,-1,221,145,50,50,1,-1,-1,-1
640,-1,123,150,50,50,1,-1,-1,-1
640,-1,23,150,50,50,1,-1,-1,-1
640,-1,223,150,50,50,1,-1,-1,-1
641,-1,123,155,50,50,1,-1,-1,-1
641,-1,23,155,50,50,1,-1,-1,-1
641,-1,223,155,50,50,1,-1,-1,-1
642,-1,124,160,50,50,1,-1,-1,-1
642,-1,24,160,50,50,1,-1,-1,-1
642,-1,224,160,50,50,1,-1,-1,-1
643,-1,125,166,50,50,1,-1,-1,-1
643,-1,25,166,50,50,1,-1,-1,-1
643,-1,225,166,50,50,1,-1,-1,-1
644,-1,125,171,50,50,1,-1,-1,-1
644,-1,25,171,50,50,1,-1,-1,-1
644,-1,225,171,50,50,1,-1,-1,-1
645,-1,125,176,50,50,1,-1,-1,-1
645,-1,25,176,50,50,1,-1,-1,-1
645,-1,225,176,50,50,1,-1,-1,-1
646,-1,126,182,50,50,1,-1,-1,-1
646,-1,26,182,50,50,1,-1,-1,-1
646,-1,226,182,50,50,1,-1,-1,-1
647,-1,126,187,50,50,1,-1,-1,-1
647,-1,26,187,50,50,1,-1,-1,-1
647,-1,226,187,50,50,1,-1,-1,-1
648,-1,126,192,50,50,1,-1,-1,-1
648,-1,26,192,50,50,1,-1,-1,-1
648,-1,226,192,50,50,1,-1,-1,-1
649,-1,126,197,50,50,1,-1,-1,-1
649,-1,26,197,50,50,1,-1,-1,-1
649,-1,226,197,50,50,1,-1,-1,-1
650,-1,126,203,50,50,1,-1,-1,-1
650,-1,26,203,50,50,1,-1,-1,-1
650,-1,226,203,50,50,1,-1,-1,-1
651,-1,126,208,50,50,1,-1,-1,-1
651,-1,26,208,50,50,1,-1,-1,-1
651,-1,226,208,50,50,1,-1,-1,-1
652,-1,127,213,50,50,1,-1,-1,-1
652,-1,27,213,50,50,1,-1,-1,-1
652,-1,227,213,50,50,1,-1,-1,-1
653,-1,127,218,50,50,1,-1,-1,-1
653,-1,27,218,50,50,1,-1,-1,-1
653,-1,227,218,50,50,1,-1,-1,-1
654,-1,128,224,50,50,1,-1,-1,-1
654,-1,28,224,50,50,1,-1,-1,-1
654,-1,228,224,50,50,1,-1,-1,-1
655,-1,128,229,50,50,1,-1,-1,-1
655,-1,28,229,50,50,1,-1,-1,-1
655,-1,228,229,50,50,1,-1,-1,-1
656,-1,129,234,50,50,1,-1,-1,-1
656,-1,29,234,50,50,1,-1,-1,-1
656,-1,229,234,50,50,1,-1,-1,-1
657,-1,130,239,50,50,1,-1,-1,-1
657,-1,30,239,50,50,1,-1,-1,-1
657,-1,230,239,50,50,1,-1,-1,-1
658,-1,131,245,50,50,1,-1,-1,-1
658,-1,31,245,50,50,1,-1,-1,-1
658,-1,231,245,50,50,1,-1,-1,-1
659,-1,132,250,50,50,1,-1,-1,-1
659,-1,32,250,50,50,1,-1,-1,-1
659,-1,232,250,50,50,1,-1,-1,-1
660,-1,133,255,50,50,1,-1,-1,-1
660,-1,33,255,50,50,1,-1,-1,-1
660,-1,233,255,50,50,1,-1,-1,-1
661,-1,134,260,50,50,1,-1,-1,-1
661,-1,34,260,50,50,1,-1,-1,-1
661,-1,234,260,50,50,1,-1,-1,-1
662,-1,134,266,50,50,1,-1,-1,-1
662,-1,34,266,50,50,1,-1,-1,-1
662,-1,234,266,50,50,1,-1,-1,-1
663,-1,135,271,50,50,1,-1,-1,-1
663,-1,35,271,50,50,1,-1,-1,-1
663,-1,235,271,50,50,1,-1,-1,-1
664,-1,136,276,50,50,1,-1,-1,-1
664,-1,36,276,50,50,1,-1,-1,-1
664,-1,236,276,50,50,1,-1,-1,-1
665,-1,136,281,50,50,1,-1,-1,-1
665,-1,36,281,50,50,1,-1,-1,-1
665,-1,236,281,50,50,1,-1,-1,-1
666,-1,136,287,50,50,1,-1,-1,-1
666,-1,36,287,50,50,1,-1,-1,-1
666,-1,236,287,50,50,1,-1,-1,-1
667,-1,136,292,50,50,1,-1,-1,-1
667,-1,36,292,50,50,1,-1,-1,-1
667,-1,236,292,50,50,1,-1,-1,-1
668,-1,136,297,50,50,1,-1,-1,-1
668,-1,36,297,50,50,1,-1,-1,-1
668,-1,236,297,50,50,1,-1,-1,-1
669,-1,136,302,50,50,1,-1,-1,-1
669,-1,36,302,50,50,1,-1,-1,-1
669,-1,236,302,50,50,1,-1,-1,-1
670,-1,135,308,50,50,1,-1,-1,-1
670,-1,35,308,50,50,1,-1,-1,-1
670,-1,235,308,50,50,1,-1,-1,-1
671,-1,134,313,50,50,1,-1,-1,-1
671,-1,34,313,50,50,1,-1,-1,-1
671,-1,234,313,50,50,1,-1,-1,-1
672,-1,133,318,50,50,1,-1,-1,-1
672,-1,33,318,50,50,1,-1,-1,-1
672,-1,233,318,50,50,1,-1,-1,-1
673,-1,132,322,50,50,1,-1,-1,-1
673,-1,32,322,50,50,1,-1,-1,-1
673,-1,232,322,50,50,1,-1,-1,-1
674,-1,130,327,50,50,1,-1,-1,-1
674,-1,30,327,50,50,1,-1,-1,-1
674,-1,230,327,50,50,1,-1,-1,-1
675,-1,128,332,50,50,1,-1,-1,-1
675,-1,28,332,50,50,1,-1,-1,-1
675,-1,228,332,50,50,1,-1,-1,-1
676,-1,127,337,50,50,1,-1,-1,-1
676,-1,27,337,50,50,1,-1,-1,-1
676,-1,227,337,50,50,1,-1,-1,-1
677,-1,124,342,50,50,1,-1,-1,-1
677,-1,24,342,50,50,1,-1,-1,-1
677,-1,224,342,50,50,1,-1,-1,-1
678,-1,122,346,50,50,1,-1,-1,-1
678,-1,22,346,50,50,1,-1,-1,-1
678,-1,222,346,50,50,1,-1,-1,-1
679,-1,120,351,50,50,1,-1,-1,-1
679,-1,20,351,50,50,1,-1,-1,-1
679,-1,220,351,50,50,1,-1,-1,-1
680,-1,116,354,50,50,1,-1,-1,-1
680,-1,16,354,50,50,1,-1,-1,-1
680,-1,216,354,50,50,1,-1,-1,-1
681,-1,112,358,50,50,1,-1,-1,-1
681,-1,12,358,50,50,1,-1,-1,-1
681,-1,212,358,50,50,1,-1,-1,-1
682,-1,110,362,50,50,1,-1,-1,-1
682,-1,10,362,50,50,1,-1,-1,-1
682,-1,210,362,50,50,1,-1,-1,-1
683,-1,107,366,50,50,1,-1,-1,-1
683,-1,7,366,50,50,1,-1,-1,-1
683,-1,207,366,50,50,1,-1,-1,-1
684,-1,104,370,50,50,1,-1,-1,-1
684,-1,4,370,50,50,1,-1,-1,-1
684,-1,204,370,50,50,1,-1,-1,-1
685,-1,101,374,50,50,1,-1,-1,-1
685,-1,1,374,50,50,1,-1,-1,-1
685,-1,201,374,50,50,1,-1,-1,-1
686,-1,101,376,50,50,1,-1,-1,-1
686,-1,1,376,50,50,1,-1,-1,-1
686,-1,201,376,50,50,1,-1,-1,-1
687,-1,103,372,50,50,1,-1,-1,-1
687,-1,3,372,50,50,1,-1,-1,-1
687,-1,203,372,50,50,1,-1,-1,-1
688,-1,106,368,50,50,1,-1,-1,-1
688,-1,6,368,50,50,1,-1,-1,-1
688,-1,206,368,50,50,1,-1,-1,-1
689,-1,109,364,50,50,1,-1,-1,-1
689,-1,9,364,50,50,1,-1,-1,-1
689,-1,209,364,50,50,1,-1,-1,-1
690,-1,113,360,50,50,1,-1,-1,-1
690,-1,13,360,50,50,1,-1,-1,-1
690,-1,213,360,50,50,1,-1,-1,-1
691,-1,115,356,50,50,1,-1,-1,-1
691,-1,15,356,50,50,1,-1,-1,-1
691,-1,215,356,50,50,1,-1,-1,-1
692,-1,121,354,50,50,1,-1,-1,-1
692,-1,21,354,50,50,1,-1,-1,-1
692,-1,221,354,50,50,1,-1,-1,-1
693,-1,125,352,50,50,1,-1,-1,-1
693,-1,25,352,50,50,1,-1,-1,-1
693,-1,225,352,50,50,1,-1,-1,-1
694,-1,126,347,50,50,1,-1,-1,-1
694,-1,26,347,50,50,1,-1,-1,-1
694,-1,226,347,50,50,1,-1,-1,-1
695,-1,127,342,50,50,1,-1,-1,-1
695,-1,27,342,50,50,1,-1,-1,-1
695,-1,227,342,50,50,1,-1,-1,-1
696,-1,129,337,50,50,1,-1,-1,-1
696,-1,29,337,50,50,1,-1,-1,-1
696,-1,229,337,50,50,1,-1,-1,-1
697,-1,130,333,50,50,1,-1,-1,-1
697,-1,30,333,50,50,1,-1,-1,-1
697,-1,230,333,50,50,1,-1,-1,-1
698,-1,132,328,50,50,1,-1,-1,-1
698,-1,32,328,50,50,1,-1,-1,-1
698,-1,232,328,50,50,1,-1,-1,-1
699,-1,133,323,50,50,1,-1,-1,-1
699,-1,33,323,50,50,1,-1,-1,-1
699,-1,233,323,50,50,1,-1,-1,-1
700,-1,134,319,50,50,1,-1,-1,-1
700,-1,34,319,50,50,1,-1,-1,-1
700,-1,234,319,50,50,1,-1,-1,-1
701,-1,135,314,50,50,1,-1,-1,-1
701,-1,35,314,50,50,1,-1,-1,-1
701,-1,235,314,50,50,1,-1,-1,-1
702,-1,136,309,50,50,1,-1,-1,-1
702,-1,36,309,50,50,1,-1,-1,-1
702,-1,236,309,50,50,1,-1,-1,-1
703,-1,137,305,50,50,1,-1,-1,-1
703,-1,37,305,50,50,1,-1,-1,-1
703,-1,237,305,50,50,1,-1,-1,-1
704,-1,137,299,50,50,1,-1,-1,-1
704,-1,37,299,50,50,1,-1,-1,-1
704,-1,237,299,50,50,1,-1,-1,-1
705,-1,138,295,50,50,1,-1,-1,-1
705,-1,38,295,50,50,1,-1,-1,-1
705,-1,238,295,50,50,1,-1,-1,-1
706,-1,138,290,50,50,1,-1,-1,-1
706,-1,38,290,50,50,1,-1,-1,-1
706,-1,238,290,50,50,1,-1,-1,-1
707,-1,138,285,50,50,1,-1,-1,-1
707,-1,38,285,50,50,1,-1,-1,-1
707,-1,238,285,50,50,1,-1,-1,-1
708,-1,138,280,50,50,1,-1,-1,-1
708,-1,38,280,50,50,1,-1,-1,-1
708,-1,238,280,50,50,1,-1,-1,-1
709,-1,138,276,50,50,1,-1,-1,-1
709,-1,38,276,50,50,1,-1,-1,-1
709,-1,238,276,50,50,1,-1,-1,-1
710,-1,142,273,50,50,1,-1,-1,-1
710,-1,42,273,50,50,1,-1,-1,-1
710,-1,242,273,50,50,1,-1,-1,-1
711,-1,144,269,50,50,1,-1,-1,-1
711,-1,44,269,50,50,1,-1,-1,-1
711,-1,244,269,50,50,1,-1,-1,-1
712,-1,150,268,50,50,1,-1,-1,-1
712,-1,50,268,50,50,1,-1,-1,-1
712,-1,250,268,50,50,1,-1,-1,-1
713,-1,156,266,50,50,1,-1,-1,-1
713,-1,56,266,50,50,1,-1,-1,-1
713,-1,256,266,50,50,1,-1,-1,-1
714,-1,163,265,50,50,1,-1,-1,-1
714,-1,63,265,50,50,1,-1,-1,-1
714,-1,263,265,50,50,1,-1,-1,-1
715,-1,169,264,50,50,1,-1,-1,-1
715,-1,69,264,50,50,1,-1,-1,-1
715,-1,269,264,50,50,1,-1,-1,-1
716,-1,175,263,50,50,1,-1,-1,-1
716,-1,75,263,50,50,1,-1,-1,-1
716,-1,275,263,50,50,1,-1,-1,-1
717,-1,181,262,50,50,1,-1,-1,-1
717,-1,81,262,50,50,1,-1,-1,-1
717,-1,281,262,50,50,1,-1,-1,-1
718,-1,187,261,50,50,1,-1,-1,-1
718,-1,87,261,50,50,1,-1,-1,-1
718,-1,287,261,50,50,1,-1,-1,-1
719,-1,193,260,50,50,1,-1,-1,-1
719,-1,93,260,50,50,1,-1,-1,-1
719,-1,293,260,50,50,1,-1,-1,-1
720,-1,199,260,50,50,1,-1,-1,-1
720,-1,99,260,50,50,1,-1,-1,-1
720,-1,299,260,50,50,1,-1,-1,-1
721,-1,205,260,50,50,1,-1,-1,-1
721,-1,105,260,50,50,1,-1,-1,-1
721,-1,305,260,50,50,1,-1,-1,-1
722,-1,211,261,50,50,1,-1,-1,-1
722,-1,111,261,50,50,1,-1,-1,-1
722,-1,311,261,50,50,1,-1,-1,-1
723,-1,217,261,50,50,1,-1,-1,-1
723,-1,117,261,50,50,1,-1,-1,-1
723,-1,317,261,50,50,1,-1,-1,-1
724,-1,223,262,50,50,1,-1,-1,-1
724,-1,123,262,50,50,1,-1,-1,-1
724,-1,323,262,50,50,1,-1,-1,-1
725,-1,229,261,50,50,1,-1,-1,-1
725,-1,129,261,50,50,1,-1,-1,-1
725,-1,329,261,50,50,1,-1,-1,-1
726,-1,236,261,50,50,1,-1,-1,-1
726,-1,136,261,50,50,1,-1,-1,-1
726,-1,336,261,50,50,1,-1,-1,-1
727,-1,242,260,50,50,1,-1,-1,-1
727,-1,142,260,50,50,1,-1,-1,-1
727,-1,342,260,50,50,1,-1,-1,-1
728,-1,248,259,50,50,1,-1,-1,-1
728,-1,148,259,50,50,1,-1,-1,-1
728,-1,348,259,50,50,1,-1,-1,-1
729,-1,252,255,50,50,1,-1,-1,-1
729,-1,152,255,50,50,1,-1,-1,-1
729,-1,352,255,50,50,1,-1,-1,-1
730,-1,256,253,50,50,1,-1,-1,-1
730,-1,156,253,50,50,1,-1,-1,-1
730,-1,356,253,50,50,1,-1,-1,-1
731,-1,252,255,50,50,1,-1,-1,-1
731,-1,152,255,50,50,1,-1,-1,-1
731,-1,352,255,50,50,1,-1,-1,-1
732,-1,247,258,50,50,1,-1,-1,-1
732,-1,147,258,50,50,1,-1,-1,-1
732,-1,347,258,50,50,1,-1,-1,-1
733,-1,242,260,50,50,1,-1,-1,-1
733,-1,142,260,50,50,1,-1,-1,-1
733,-1,342,260,50,50,1,-1,-1,-1
734,-1,236,260,50,50,1,-1,-1,-1
734,-1,136,260,50,50,1,-1,-1,-1
734,-1,336,260,50,50,1,-1,-1,-1
735,-1,230,261,50,50,1,-1,-1,-1
735,-1,130,261,50,50,1,-1,-1,-1
735,-1,330,261,50,50,1,-1,-1,-1
736,-1,224,261,50,50,1,-1,-1,-1
736,-1,124,261,50,50,1,-1,-1,-1
736,-1,324,261,50,50,1,-1,-1,-1
737,-1,218,261,50,50,1,-1,-1,-1
737,-1,118,261,50,50,1,-1,-1,-1
737,-1,318,261,50,50,1,-1,-1,-1
738,-1,212,261,50,50,1,-1,-1,-1
738,-1,112,261,50,50,1,-1,-1,-1
738,-1,312,261,50,50,1,-1,-1,-1
739,-1,206,260,50,50,1,-1,-1,-1
739,-1,106,260,50,50,1,-1,-1,-1
739,-1,306,260,50,50,1,-1,-1,-1
740,-1,199,260,50,50,1,-1,-1,-1
740,-1,99,260,50,50,1,-1,-1,-1
740,-1,299,260,50,50,1,-1,-1,-1
741,-1,194,260,50,50,1,-1,-1,-1
741,-1,94,260,50,50,1,-1,-1,-1
741,-1,294,260,50,50,1,-1,-1,-1
742,-1,188,261,50,50,1,-1,-1,-1
742,-1,88,261,50,50,1,-1,-1,-1
742,-1,288,261,50,50,1,-1,-1,-1
743,-1,183,262,50,50,1,-1,-1,-1
743,-1,83,262,50,50,1,-1,-1,-1
743,-1,283,262,50,50,1,-1,-1,-1
744,-1,177,263,50,50,1,-1,-1,-1
744,-1,77,263,50,50,1,-1,-1,-1
744,-1,277,263,50,50,1,-1,-1,-1
745,-1,171,264,50,50,1,-1,-1,-1
745,-1,71,264,50,50,1,-1,-1,-1
745,-1,271,264,50,50,1,-1,-1,-1
746,-1,166,265,50,50,1,-1,-1,-1
746,-1,66,265,50,50,1,-1,-1,-1
746,-1,266,265,50,50,1,-1,-1,-1
747,-1,159,266,50,50,1,-1,-1,-1
747,-1,59,266,50,50,1,-1,-1,-1
747,-1,259,266,50,50,1,-1,-1,-1
748,-1,153,267,50,50,1,-1,-1,-1
748,-1,53,267,50,50,1,-1,-1,-1
748,-1,253,267,50,50,1,-1,-1,-1
749,-1,147,268,50,50,1,-1,-1,-1
749,-1,47,268,50,50,1,-1,-1,-1
749,-1,247,268,50,50,1,-1,-1,-1
750,-1,142,269,50,50,1,-1,-1,-1
750,-1,42,269,50,50,1,-1,-1,-1
750,-1,242,269,50,50,1,-1,-1,-1
751,-1,141,274,50,50,1,-1,-1,-1
751,-1,41,274,50,50,1,-1,-1,-1
751,-1,241,274,50,50,1,-1,-1,-1
752,-1,137,272,50,50,1,-1,-1,-1
752,-1,37,272,50,50,1,-1,-1,-1
752,-1,237,272,50,50,1,-1,-1,-1
753,-1,136,267,50,50,1,-1,-1,-1
753,-1,36,267,50,50,1,-1,-1,-1
753,-1,236,267,50,50,1,-1,-1,-1
754,-1,135,262,50,50,1,-1,-1,-1
754,-1,35,262,50,50,1,-1,-1,-1
754,-1,235,262,50,50,1,-1,-1,-1
755,-1,134,257,50,50,1,-1,-1,-1
755,-1,34,257,50,50,1,-1,-1,-1
755,-1,234,257,50,50,1,-1,-1,-1
756,-1,133,253,50,50,1,-1,-1,-1
756,-1,33,253,50,50,1,-1,-1,-1
756,-1,233,253,50,50,1,-1,-1,-1
757,-1,132,248,50,50,1,-1,-1,-1
757,-1,32,248,50,50,1,-1,-1,-1
757,-1,232,248,50,50,1,-1,-1,-1
758,-1,131,243,50,50,1,-1,-1,-1
758,-1,31,243,50,50,1,-1,-1,-1
758,-1,231,243,50,50,1,-1,-1,-1
759,-1,131,237,50,50,1,-1,-1,-1
759,-1,31,237,50,50,1,-1,-1,-1
759,-1,231,237,50,50,1,-1,-1,-1
760,-1,130,232,50,50,1,-1,-1,-1
760,-1,30,232,50,50,1,-1,-1,-1
760,-1,230,232,50,50,1,-1,-1,-1
761,-1,129,227,50,50,1,-1,-1,-1
761,-1,29,227,50,50,1,-1,-1,-1
761,-1,229,227,50,50,1,-1,-1,-1
762,-1,129,222,50,50,1,-1,-1,-1
762,-1,29,222,50,50,1,-1,-1,-1
762,-1,229,222,50,50,1,-1,-1,-1
763,-1,128,217,50,50,1,-1,-1,-1
763,-1,28,217,50,50,1,-1,-1,-1
763,-1,228,217,50,50,1,-1,-1,-1
764,-1,128,212,50,50,1,-1,-1,-1
764,-1,28,212,50,50,1,-1,-1,-1
764,-1,228,212,50,50,1,-1,-1,-1
765,-1,127,207,50,50,1,-1,-1,-1
765,-1,27,207,50,50,1,-1,-1,-1
765,-1,227,207,50,50,1,-1,-1,-1
766,-1,127,201,50,50,1,-1,-1,-1
766,-1,27,201,50,50,1,-1,-1,-1
766,-1,227,201,50,50,1,-1,-1,-1
767,-1,127,196,50,50,1,-1,-1,-1
767,-1,27,196,50,50,1,-1,-1,-1
767,-1,227,196,50,50,1,-1,-1,-1
768,-1,127,191,50,50,1,-1,-1,-1
768,-1,27,191,50,50,1,-1,-1,-1
768,-1,227,191,50,50,1,-1,-1,-1
769,-1,127,186,50,50,1,-1,-1,-1
769,-1,27,186,50,50,1,-1,-1,-1
769,-1,227,186,50,50,1,-1,-1,-1
770,-1,126,180,50,50,1,-1,-1,-1
770,-1,26,180,50,50,1,-1,-1,-1
770,-1,226,180,50,50,1,-1,-1,-1
771,-1,126,175,50,50,1,-1,-1,-1
771,-1,26,175,50,50,1,-1,-1,-1
771,-1,226,175,50,50,1,-1,-1,-1
772,-1,126,170,50,50,1,-1,-1,-1
772,-1,26,170,50,50,1,-1,-1,-1
772,-1,226,170,50,50,1,-1,-1,-1
773,-1,126,165,50,50,1,-1,-1,-1
773,-1,26,165,50,50,1,-1,-1,-1
773,-1,226,165,50,50,1,-1,-1,-1
774,-1,125,160,50,50,1,-1,-1,-1
774,-1,25,160,50,50,1,-1,-1,-1
774,-1,225,160,50,50,1,-1,-1,-1
775,-1,124,156,50,50,1,-1,-1,-1
775,-1,24,156,50,50,1,-1,-1,-1
775,-1,224,156,50,50,1,-1,-1,-1
776,-1,124,151,50,50,1,-1,-1,-1
776,-1,24,151,50,50,1,-1,-1,-1
776,-1,224,151,50,50,1,-1,-1,-1
777,-1,123,146,50,50,1,-1,-1,-1
777,-1,23,146,50,50,1,-1,-1,-1
777,-1,223,146,50,50,1,-1,-1,-1
778,-1,122,141,50,50,1,-1,-1,-1
778,-1,22,141,50,50,1,-1,-1,-1
778,-1,222,141,50,50,1,-1,-1,-1
779,-1,120,136,50,50,1,-1,-1,-1
779,-1,20,136,50,50,1,-1,-1,-1
779,-1,220,136,50,50,1,-1,-1,-1
780,-1,119,131,50,50,1,-1,-1,-1
780,-1,19,131,50,50,1,-1,-1,-1
780,-1,219,131,50,50,1,-1,-1,-1
781,-1,117,126,50,50,1,-1,-1,-1
781,-1,17,126,50,50,1,-1,-1,-1
781,-1,217,126,50,50,1,-1,-1,-1
782,-1,116,121,50,50,1,-1,-1,-1
782,-1,16,121,50,50,1,-1,-1,-1
782,-1,216,121,50,50,1,-1,-1,-1
783,-1,114,116,50,50,1,-1,-1,-1
783,-1,14,116,50,50,1,-1,-1,-1
783,-1,214,116,50,50,1,-1,-1,-1
784,-1,112,111,50,50,1,-1,-1,-1
784,-1,12,111,50,50,1,-1,-1,-1
784,-1,212,111,50,50,1,-1,-1,-1
785,-1,110,106,50,50,1,-1,-1,-1
785,-1,10,106,50,50,1,-1,-1,-1
785,-1,210,106,50,50,1,-1,-1,-1
786,-1,108,102,50,50,1,-1,-1,-1
786,-1,8,102,50,50,1,-1,-1,-1
786,-1,208,102,50,50,1,-1,-1,-1
787,-1,106,98,50,50,1,-1,-1,-1
787,-1,6,98,50,50,1,-1,-1,-1
787,-1,206,98,50,50,1,-1,-1,-1
788,-1,103,93,50,50,1,-1,-1,-1
788,-1,3,93,50,50,1,-1,-1,-1
788,-1,203,93,50,50,1,-1,-1,-1
789,-1,101,89,50,50,1,-1,-1,-1
789,-1,1,89,50,50,1,-1,-1,-1
789,-1,201,89,50,50,1,-1,-1,-1
790,-1,98,84,50,50,1,-1,-1,-1
790,-1,-2,84,50,50,1,-1,-1,-1
790,-1,198,84,50,50,1,-1,-1,-1
791,-1,95,80,50,50,1,-1,-1,-1
791,-1,-5,80,50,50,1,-1,-1,-1
791,-1,195,80,50,50,1,-1,-1,-1
792,-1,91,75,50,50,1,-1,-1,-1
792,-1,-9,75,50,50,1,-1,-1,-1
792,-1,191,75,50,50,1,-1,-1,-1
793,-1,88,71,50,50,1,-1,-1,-1
793,-1,-12,71,50,50,1,-1,-1,-1
793,-1,188,71,50,50,1,-1,-1,-1
794,-1,85,67,50,50,1,-1,-1,-1
794,-1,-15,67,50,50,1,-1,-1,-1
794,-1,185,67,50,50,1,-1,-1,-1
795,-1,81,63,50,50,1,-1,-1,-1
795,-1,-19,63,50,50,1,-1,-1,-1
795,-1,181,63,50,50,1,-1,-1,-1
796,-1,78,59,50,50,1,-1,-1,-1
796,-1,-22,59,50,50,1,-1,-1,-1
796,-1,178,59,50,50,1,-1,-1,-1
797,-1,74,56,50,50,1,-1,-1,-1
797,-1,-26,56,50,50,1,-1,-1,-1
797,-1,174,56,50,50,1,-1,-1,-1
798,-1,70,52,50,50,1,-1,-1,-1
798,-1,-30,52,50,50,1,-1,-1,-1
798,-1,170,52,50,50,1,-1,-1,-1
799,-1,66,48,50,50,1,-1,-1,-1
799,-1,-34,48,50,50,1,-1,-1,-1
799,-1,166,48,50,50,1,-1,-1,-1
800,-1,62,44,50,50,1,-1,-1,-1
800,-1,-38,44,50,50,1,-1,-1,-1
800,-1,162,44,50,50,1,-1,-1,-1
801,-1,57,41,50,50,1,-1,-1,-1
801,-1,-43,41,50,50,1,-1,-1,-1
801,-1,157,41,50,50,1,-1,-1,-1
802,-1,53,37,50,50,1,-1,-1,-1
802,-1,-47,37,50,50,1,-1,-1,-1
802,-1,153,37,50,50,1,-1,-1,-1
803,-1,49,33,50,50,1,-1,-1,-1
803,-1,-51,33,50,50,1,-1,-1,-1
803,-1,149,33,50,50,1,-1,-1,-1
804,-1,46,29,50,50,1,-1,-1,-1
804,-1,-54,29,50,50,1,-1,-1,-1
804,-1,146,29,50,50,1,-1,-1,-1
805,-1,43,25,50,50,1,-1,-1,-1
805,-1,-57,25,50,50,1,-1,-1,-1
805,-1,143,25,50,50,1,-1,-1,-1
806,-1,41,20,50,50,1,-1,-1,-1
806,-1,-59,20,50,50,1,-1,-1,-1
806,-1,141,20,50,50,1,-1,-1,-1
807,-1,39,16,50,50,1,-1,-1,-1
807,-1,-61,16,50,50,1,-1,-1,-1
807,-1,139,16,50,50,1,-1,-1,-1
808,-1,38,11,50,50,1,-1,-1,-1
808,-1,-62,11,50,50,1,-1,-1,-1
808,-1,138,11,50,50,1,-1,-1,-1
809,-1,39,7,50,50,1,-1,-1,-1
809,-1,-61,7,50,50,1,-1,-1,-1
809,-1,139,7,50,50,1,-1,-1,-1
810,-1,42,3,50,50,1,-1,-1,-1
810,-1,-58,3,50,50,1,-1,-1,-1
810,-1,142,3,50,50,1,-1,-1,-1
811,-1,39,2,50,50,1,-1,-1,-1
811,-1,-61,2,50,50,1,-1,-1,-1
811,-1,139,2,50,50,1,-1,-1,-1
812,-1,33,3,50,50,1,-1,-1,-1
812,-1,-67,3,50,50,1,-1,-1,-1
812,-1,133,3,50,50,1,-1,-1,-1
813,-1,27,5,50,50,1,-1,-1,-1
813,-1,-73,5,50,50,1,-1,-1,-1
813,-1,127,5,50,50,1,-1,-1,-1
814,-1,22,7,50,50,1,-1,-1,-1
814,-1,-78,7,50,50,1,-1,-1,-1
814,-1,122,7,50,50,1,-1,-1,-1
815,-1,17,10,50,50,1,-1,-1,-1
815,-1,-83,10,50,50,1,-1,-1,-1
815,-1,117,10,50,50,1,-1,-1,-1
816,-1,11,12,50,50,1,-1,-1,-1
816,-1,-89,12,50,50,1,-1,-1,-1
816,-1,111,12,50,50,1,-1,-1,-1
817,-1,6,14,50,50,1,-1,-1,-1
817,-1,-94,14,50,50,1,-1,-1,-1
817,-1,106,14,50,50,1,-1,-1,-1
818,-1,1,17,50,50,1,-1,-1,-1
818,-1,-99,17,50,50,1,-1,-1,-1
818,-1,101,17,50,50,1,-1,-1,-1
819,-1,0,18,50,50,1,-1,-1,-1
819,-1,-100,18,50,50,1,-1,-1,-1
819,-1,100,18,50,50,1,-1,-1,-1
820,-1,5,15,50,50,1,-1,-1,-1
820,-1,-95,15,50,50,1,-1,-1,-1
820,-1,105,15,50,50,1,-1,-1,-1
821,-1,10,13,50,50,1,-1,-1,-1
821,-1,-90,13,50,50,1,-1,-1,-1
821,-1,110,13,50,50,1,-1,-1,-1
822,-1,15,11,50,50,1,-1,-1,-1
822,-1,-85,11,50,50,1,-1,-1,-1
822,-1,115,11,50,50,1,-1,-1,-1
823,-1,20,8,50,50,1,-1,-1,-1
823,-1,-80,8,50,50,1,-1,-1,-1
823,-1,120,8,50,50,1,-1,-1,-1
824,-1,26,6,50,50,1,-1,-1,-1
824,-1,-74,6,50,50,1,-1,-1,-1
824,-1,126,6,50,50,1,-1,-1,-1
825,-1,31,4,50,50,1,-1,-1,-1
825,-1,-69,4,50,50,1,-1,-1,-1
825,-1,131,4,50,50,1,-1,-1,-1
826,-1,35,6,50,50,1,-1,-1,-1
826,-1,-65,6,50,50,1,-1,-1,-1
826,-1,135,6,50,50,1,-1,-1,-1
827,-1,36,11,50,50,1,-1,-1,-1
827,-1,-64,11,50,50,1,-1,-1,-1
827,-1,136,11,50,50,1,-1,-1,-1
828,-1,38,15,50,50,1,-1,-1,-1
828,-1,-62,15,50,50,1,-1,-1,-1
828,-1,138,15,50,50,1,-1,-1,-1
829,-1,39,20,50,50,1,-1,-1,-1
829,-1,-61,20,50,50,1,-1,-1,-1
829,-1,139,20,50,50,1,-1,-1,-1
830,-1,42,24,50,50,1,-1,-1,-1
830,-1,-58,24,50,50,1,-1,-1,-1
830,-1,142,24,50,50,1,-1,-1,-1
831,-1,44,28,50,50,1,-1,-1,-1
831,-1,-56,28,50,50,1,-1,-1,-1
831,-1,144,28,50,50,1,-1,-1,-1
832,-1,48,32,50,50,1,-1,-1,-1
832,-1,-52,32,50,50,1,-1,-1,-1
832,-1,148,32,50,50,1,-1,-1,-1
833,-1,51,37,50,50,1,-1,-1,-1
833,-1,-49,37,50,50,1,-1,-1,-1
833,-1,151,37,50,50,1,-1,-1,-1
834,-1,56,40,50,50,1,-1,-1,-1
834,-1,-44,40,50,50,1,-1,-1,-1
834,-1,156,40,50,50,1,-1,-1,-1
835,-1,61,44,50,50,1,-1,-1,-1
835,-1,-39,44,50,50,1,-1,-1,-1
835,-1,161,44,50,50,1,-1,-1,-1
836,-1,65,48,50,50,1,-1,-1,-1
836,-1,-35,48,50,50,1,-1,-1,-1
836,-1,165,48,50,50,1,-1,-1,-1
837,-1,69,52,50,50,1,-1,-1,-1
837,-1,-31,52,50,50,1,-1,-1,-1
837,-1,169,52,50,50,1,-1,-1,-1
838,-1,73,56,50,50,1,-1,-1,-1
838,-1,-27,56,50,50,1,-1,-1,-1
838,-1,173,56,50,50,1,-1,-1,-1
839,-1,77,60,50,50,1,-1,-1,-1
839,-1,-23,60,50,50,1,-1,-1,-1
839,-1,177,60,50,50,1,-1,-1,-1
840,-1,81,63,50,50,1,-1,-1,-1
840,-1,-19,63,50,50,1,-1,-1,-1
840,-1,181,63,50,50,1,-1,-1,-1
841,-1,84,67,50,50,1,-1,-1,-1
841,-1,-16,67,50,50,1,-1,-1,-1
841,-1,184,67,50,50,1,-1,-1,-1
842,-1,87,71,50,50,1,-1,-1,-1
842,-1,-13,71,50,50,1,-1,-1,-1
842,-1,187,71,50,50,1,-1,-1,-1
843,-1,91,76,50,50,1,-1,-1,-1
843,-1,-9,76,50,50,1,-1,-1,-1
843,-1,191,76,50,50,1,-1,-1,-1
844,-1,94,80,50,50,1,-1,-1,-1
844,-1,-6,80,50,50,1,-1,-1,-1
844,-1,194,80,50,50,1,-1,-1,-1
845,-1,96,84,50,50,1,-1,-1,-1
845,-1,-4,84,50,50,1,-1,-1,-1
845,-1,196,84,50,50,1,-1,-1,-1
846,-1,99,88,50,50,1,-1,-1,-1
846,-1,-1,88,50,50,1,-1,-1,-1
846,-1,199,88,50,50,1,-1,-1,-1
847,-1,102,92,50,50,1,-1,-1,-1
847,-1,2,92,50,50,1,-1,-1,-1
847,-1,202,92,50,50,1,-1,-1,-1
848,-1,104,97,50,50,1,-1,-1,-1
848,-1,4,97,50,50,1,-1,-1,-1
848,-1,204,97,50,50,1,-1,-1,-1
849,-1,106,101,50,50,1,-1,-1,-1
849,-1,6,101,50,50,1,-1,-1,-1
849,-1,206,101,50,50,1,-1,-1,-1
850,-1,109,106,50,50,1,-1,-1,-1
850,-1,9,106,50,50,1,-1,-1,-1
850,-1,209,106,50,50,1,-1,-1,-1
851,-1,111,111,50,50,1,-1,-1,-1
851,-1,11,111,50,50,1,-1,-1,-1
851,-1,211,111,50,50,1,-1,-1,-1
852,-1,112,115,50,50,1,-1,-1,-1
852,-1,12,115,50,50,1,-1,-1,-1
852,-1,212,115,50,50,1,-1,-1,-1
853,-1,114,120,50,50,1,-1,-1,-1
853,-1,14,120,50,50,1,-1,-1,-1
853,-1,214,120,50,50,1,-1,-1,-1
854,-1,116,125,50,50,1,-1,-1,-1
854,-1,16,125,50,50,1,-1,-1,-1
854,-1,216,125,50,50,1,-1,-1,-1
855,-1,117,130,50,50,1,-1,-1,-1
855,-1,17,130,50,50,1,-1,-1,-1
855,-1,217,130,50,50,1,-1,-1,-1
856,-1,116,134,50,50,1,-1,-1,-1
856,-1,16,134,50,50,1,-1,-1,-1
856,-1,216,134,50,50,1,-1,-1,-1
857,-1,114,139,50,50,1,-1,-1,-1
857,-1,14,139,50,50,1,-1,-1,-1
857,-1,214,139,50,50,1,-1,-1,-1
858,-1,113,144,50,50,1,-1,-1,-1
858,-1,13,144,50,50,1,-1,-1,-1
858,-1,213,144,50,50,1,-1,-1,-1
859,-1,116,148,50,50,1,-1,-1,-1
859,-1,16,148,50,50,1,-1,-1,-1
859,-1,216,148,50,50,1,-1,-1,-1
860,-1,120,151,50,50,1,-1,-1,-1
860,-1,20,151,50,50,1,-1,-1,-1
860,-1,220,151,50,50,1,-1,-1,-1
861,-1,126,153,50,50,1,-1,-1,-1
861,-1,26,153,50,50,1,-1,-1,-1
861,-1,226,153,50,50,1,-1,-1,-1
862,-1,132,154,50,50,1,-1,-1,-1
862,-1,32,154,50,50,1,-1,-1,-1
862,-1,232,154,50,50,1,-1,-1,-1
863,-1,138,155,50,50,1,-1,-1,-1
863,-1,38,155,50,50,1,-1,-1,-1
863,-1,238,155,50,50,1,-1,-1,-1
864,-1,144,155,50,50,1,-1,-1,-1
864,-1,44,155,50,50,1,-1,-1,-1
864,-1,244,155,50,50,1,-1,-1,-1
865,-1,150,154,50,50,1,-1,-1,-1
865,-1,50,154,50,50,1,-1,-1,-1
865,-1,250,154,50,50,1,-1,-1,-1
866,-1,157,152,50,50,1,-1,-1,-1
866,-1,57,152,50,50,1,-1,-1,-1
866,-1,257,152,50,50,1,-1,-1,-1
867,-1,162,150,50,50,1,-1,-1,-1
867,-1,62,150,50,50,1,-1,-1,-1
867,-1,262,150,50,50,1,-1,-1,-1
868,-1,167,148,50,50,1,-1,-1,-1
868,-1,67,148,50,50,1,-1,-1,-1
868,-1,267,148,50,50,1,-1,-1,-1
869,-1,172,146,50,50,1,-1,-1,-1
869,-1,72,146,50,50,1,-1,-1,-1
869,-1,272,146,50,50,1,-1,-1,-1
870,-1,178,144,50,50,1,-1,-1,-1
870,-1,78,144,50,50,1,-1,-1,-1
870,-1,278,144,50,50,1,-1,-1,-1
871,-1,183,141,50,50,1,-1,-1,-1
871,-1,83,141,50,50,1,-1,-1,-1
871,-1,283,141,50,50,1,-1,-1,-1
872,-1,189,139,50,50,1,-1,-1,-1
872,-1,89,139,50,50,1,-1,-1,-1
872,-1,289,139,50,50,1,-1,-1,-1
873,-1,195,137,50,50,1,-1,-1,-1
873,-1,95,137,50,50,1,-1,-1,-1
873,-1,295,137,50,50,1,-1,-1,-1
874,-1,200,136,50,50,1,-1,-1,-1
874,-1,100,136,50,50,1,-1,-1,-1
874,-1,300,136,50,50,1,-1,-1,-1
875,-1,206,134,50,50,1,-1,-1,-1
875,-1,106,134,50,50,1,-1,-1,-1
875,-1,306,134,50,50,1,-1,-1,-1
876,-1,212,132,50,50,1,-1,-1,-1
876,-1,112,132,50,50,1,-1,-1,-1
876,-1,312,132,50,50,1,-1,-1,-1
877,-1,218,131,50,50,1,-1,-1,-1
877,-1,118,131,50,50,1,-1,-1,-1
877,-1,318,131,50,50,1,-1,-1,-1
878,-1,224,130,50,50,1,-1,-1,-1
878,-1,124,130,50,50,1,-1,-1,-1
878,-1,324,130,50,50,1,-1,-1,-1
879,-1,230,129,50,50,1,-1,-1,-1
879,-1,130,129,50,50,1,-1,-1,-1
879,-1,330,129,50,50,1,-1,-1,-1
880,-1,236,129,50,50,1,-1,-1,-1
880,-1,136,129,50,50,1,-1,-1,-1
880,-1,336,129,50,50,1,-1,-1,-1
881,-1,242,128,50,50,1,-1,-1,-1
881,-1,142,128,50,50,1,-1,-1,-1
881,-1,342,128,50,50,1,-1,-1,-1
882,-1,248,128,50,50,1,-1,-1,-1
882,-1,148,128,50,50,1,-1,-1,-1
882,-1,348,128,50,50,1,-1,-1,-1
883,-1,254,128,50,50,1,-1,-1,-1
883,-1,154,128,50,50,1,-1,-1,-1
883,-1,354,128,50,50,1,-1,-1,-1
884,-1,260,129,50,50,1,-1,-1,-1
884,-1,160,129,50,50,1,-1,-1,-1
884,-1,360,129,50,50,1,-1,-1,-1
885,-1,259,132,50,50,1,-1,-1,-1
885,-1,159,132,50,50,1,-1,-1,-1
885,-1,359,132,50,50,1,-1,-1,-1
886,-1,257,129,50,50,1,-1,-1,-1
886,-1,157,129,50,50,1,-1,-1,-1
886,-1,357,129,50,50,1,-1,-1,-1
887,-1,257,124,50,50,1,-1,-1,-1
887,-1,157,124,50,50,1,-1,-1,-1
887,-1,357,124,50,50,1,-1,-1,-1
888,-1,253,124,50,50,1,-1,-1,-1
888,-1,153,124,50,50,1,-1,-1,-1
888,-1,353,124,50,50,1,-1,-1,-1
889,-1,249,127,50,50,1,-1,-1,-1
889,-1,149,127,50,50,1,-1,-1,-1
889,-1,349,127,50,50,1,-1,-1,-1
890,-1,243,127,50,50,1,-1,-1,-1
890,-1,143,127,50,50,1,-1,-1,-1
890,-1,343,127,50,50,1,-1,-1,-1
891,-1,237,128,50,50,1,-1,-1,-1
891,-1,137,128,50,50,1,-1,-1,-1
891,-1,337,128,50,50,1,-1,-1,-1
892,-1,230,128,50,50,1,-1,-1,-1
892,-1,130,128,50,50,1,-1,-1,-1
892,-1,330,128,50,50,1,-1,-1,-1
893,-1,224,129,50,50,1,-1,-1,-1
893,-1,124,129,50,50,1,-1,-1,-1
893,-1,324,129,50,50,1,-1,-1,-1
894,-1,217,130,50,50,1,-1,-1,-1
894,-1,117,130,50,50,1,-1,-1,-1
894,-1,317,130,50,50,1,-1,-1,-1
895,-1,211,132,50,50,1,-1,-1,-1
895,-1,111,132,50,50,1,-1,-1,-1
895,-1,311,132,50,50,1,-1,-1,-1
896,-1,205,133,50,50,1,-1,-1,-1
896,-1,105,133,50,50,1,-1,-1,-1
896,-1,305,133,50,50,1,-1,-1,-1
897,-1,199,135,50,50,1,-1,-1,-1
897,-1,99,135,50,50,1,-1,-1,-1
897,-1,299,135,50,50,1,-1,-1,-1
898,-1,193,137,50,50,1,-1,-1,-1
898,-1,93,137,50,50,1,-1,-1,-1
898,-1,293,137,50,50,1,-1,-1,-1
899,-1,186,139,50,50,1,-1,-1,-1
899,-1,86,139,50,50,1,-1,-1,-1
899,-1,286,139,50,50,1,-1,-1,-1
900,-1,180,142,50,50,1,-1,-1,-1
900,-1,80,142,50,50,1,-1,-1,-1
900,-1,280,142,50,50,1,-1,-1,-1
901,-1,175,144,50,50,1,-1,-1,-1
901,-1,75,144,50,50,1,-1,-1,-1
901,-1,275,144,50,50,1,-1,-1,-1
902,-1,169,146,50,50,1,-1,-1,-1
902,-1,69,146,50,50,1,-1,-1,-1
902,-1,269,146,50,50,1,-1,-1,-1
903,-1,164,149,50,50,1,-1,-1,-1
903,-1,64,149,50,50,1,-1,-1,-1
903,-1,264,149,50,50,1,-1,-1,-1
904,-1,159,151,50,50,1,-1,-1,-1
904,-1,59,151,50,50,1,-1,-1,-1
904,-1,259,151,50,50,1,-1,-1,-1
905,-1,153,153,50,50,1,-1,-1,-1
905,-1,53,153,50,50,1,-1,-1,-1
905,-1,253,153,50,50,1,-1,-1,-1
906,-1,147,154,50,50,1,-1,-1,-1
906,-1,47,154,50,50,1,-1,-1,-1
906,-1,247,154,50,50,1,-1,-1,-1
907,-1,141,154,50,50,1,-1,-1,-1
907,-1,41,154,50,50,1,-1,-1,-1
907,-1,241,154,50,50,1,-1,-1,-1
908,-1,135,154,50,50,1,-1,-1,-1
908,-1,35,154,50,50,1,-1,-1,-1
908,-1,235,154,50,50,1,-1,-1,-1
909,-1,129,151,50,50,1,-1,-1,-1
909,-1,29,151,50,50,1,-1,-1,-1
909,-1,229,151,50,50,1,-1,-1,-1
910,-1,125,148,50,50,1,-1,-1,-1
910,-1,25,148,50,50,1,-1,-1,-1
910,-1,225,148,50,50,1,-1,-1,-1
911,-1,123,144,50,50,1,-1,-1,-1
911,-1,23,144,50,50,1,-1,-1,-1
911,-1,223,144,50,50,1,-1,-1,-1
912,-1,122,139,50,50,1,-1,-1,-1
912,-1,22,139,50,50,1,-1,-1,-1
912,-1,222,139,50,50,1,-1,-1,-1
913,-1,120,134,50,50,1,-1,-1,-1
913,-1,20,134,50,50,1,-1,-1,-1
913,-1,220,134,50,50,1,-1,-1,-1
914,-1,119,129,50,50,1,-1,-1,-1
914,-1,19,129,50,50,1,-1,-1,-1
914,-1,219,129,50,50,1,-1,-1,-1
915,-1,117,125,50,50,1,-1,-1,-1
915,-1,17,125,50,50,1,-1,-1,-1
915,-1,217,125,50,50,1,-1,-1,-1
916,-1,116,120,50,50,1,-1,-1,-1
916,-1,16,120,50,50,1,-1,-1,-1
916,-1,216,120,50,50,1,-1,-1,-1
917,-1,114,116,50,50,1,-1,-1,-1
917,-1,14,116,50,50,1,-1,-1,-1
917,-1,214,116,50,50,1,-1,-1,-1
918,-1,112,111,50,50,1,-1,-1,-1
918,-1,12,111,50,50,1,-1,-1,-1
918,-1,212,111,50,50,1,-1,-1,-1
919,-1,110,107,50,50,1,-1,-1,-1
919,-1,10,107,50,50,1,-1,-1,-1
919,-1,210,107,50,50,1,-1,-1,-1
920,-1,108,103,50,50,1,-1,-1,-1
920,-1,8,103,50,50,1,-1,-1,-1
920,-1,208,103,50,50,1,-1,-1,-1
921,-1,106,98,50,50,1,-1,-1,-1
921,-1,6,98,50,50,1,-1,-1,-1
921,-1,206,98,50,50,1,-1,-1,-1
922,-1,104,94,50,50,1,-1,-1,-1
922,-1,4,94,50,50,1,-1,-1,-1
922,-1,204,94,50,50,1,-1,-1,-1
923,-1,101,89,50,50,1,-1,-1,-1
923,-1,1,89,50,50,1,-1,-1,-1
923,-1,201,89,50,50,1,-1,-1,-1
924,-1,98,84,50,50,1,-1,-1,-1
924,-1,-2,84,50,50,1,-1,-1,-1
924,-1,198,84,50,50,1,-1,-1,-1
925,-1,95,80,50,50,1,-1,-1,-1
925,-1,-5,80,50,50,1,-1,-1,-1
925,-1,195,80,50,50,1,-1,-1,-1
926,-1,92,76,50,50,1,-1,-1,-1
926,-1,-8,76,50,50,1,-1,-1,-1
926,-1,192,76,50,50,1,-1,-1,-1
927,-1,89,72,50,50,1,-1,-1,-1
927,-1,-11,72,50,50,1,-1,-1,-1
927,-1,189,72,50,50,1,-1,-1,-1
928,-1,86,68,50,50,1,-1,-1,-1
928,-1,-14,68,50,50,1,-1,-1,-1
928,-1,186,68,50,50,1,-1,-1,-1
929,-1,82,64,50,50,1,-1,-1,-1
929,-1,-18,64,50,50,1,-1,-1,-1
929,-1,182,64,50,50,1,-1,-1,-1
930,-1,79,60,50,50,1,-1,-1,-1
930,-1,-21,60,50,50,1,-1,-1,-1
930,-1,179,60,50,50,1,-1,-1,-1
931,-1,75,56,50,50,1,-1,-1,-1
931,-1,-25,56,50,50,1,-1,-1,-1
931,-1,175,56,50,50,1,-1,-1,-1
932,-1,71,52,50,50,1,-1,-1,-1
932,-1,-29,52,50,50,1,-1,-1,-1
932,-1,171,52,50,50,1,-1,-1,-1
933,-1,67,49,50,50,1,-1,-1,-1
933,-1,-33,49,50,50,1,-1,-1,-1
933,-1,167,49,50,50,1,-1,-1,-1
934,-1,63,45,50,50,1,-1,-1,-1
934,-1,-37,45,50,50,1,-1,-1,-1
934,-1,163,45,50,50,1,-1,-1,-1
935,-1,58,41,50,50,1,-1,-1,-1
935,-1,-42,41,50,50,1,-1,-1,-1
935,-1,158,41,50,50,1,-1,-1,-1
936,-1,54,38,50,50,1,-1,-1,-1
936,-1,-46,38,50,50,1,-1,-1,-1
936,-1,154,38,50,50,1,-1,-1,-1
937,-1,50,34,50,50,1,-1,-1,-1
937,-1,-50,34,50,50,1,-1,-1,-1
937,-1,150,34,50,50,1,-1,-1,-1
938,-1,47,30,50,50,1,-1,-1,-1
938,-1,-53,30,50,50,1,-1,-1,-1
938,-1,147,30,50,50,1,-1,-1,-1
939,-1,44,26,50,50,1,-1,-1,-1
939,-1,-56,26,50,50,1,-1,-1,-1
939,-1,144,26,50,50,1,-1,-1,-1
940,-1,41,22,50,50,1,-1,-1,-1
940,-1,-59,22,50,50,1,-1,-1,-1
940,-1,141,22,50,50,1,-1,-1,-1
941,-1,40,17,50,50,1,-1,-1,-1
941,-1,-60,17,50,50,1,-1,-1,-1
941,-1,140,17,50,50,1,-1,-1,-1
942,-1,38,12,50,50,1,-1,-1,-1
942,-1,-62,12,50,50,1,-1,-1,-1
942,-1,138,12,50,50,1,-1,-1,-1
943,-1,38,8,50,50,1,-1,-1,-1
943,-1,-62,8,50,50,1,-1,-1,-1
943,-1,138,8,50,50,1,-1,-1,-1
944,-1,42,5,50,50,1,-1,-1,-1
944,-1,-58,5,50,50,1,-1,-1,-1
944,-1,142,5,50,50,1,-1,-1,-1
945,-1,40,1,50,50,1,-1,-1,-1
945,-1,-60,1,50,50,1,-1,-1,-1
945,-1,140,1,50,50,1,-1,-1,-1
946,-1,34,2,50,50,1,-1,-1,-1
946,-1,-66,2,50,50,1,-1,-1,-1
946,-1,134,2,50,50,1,-1,-1,-1
947,-1,31,0,50,50,1,-1,-1,-1
947,-1,-69,0,50,50,1,-1,-1,-1
947,-1,131,0,50,50,1,-1,-1,-1
948,-1,35,0,50,50,1,-1,-1,-1
948,-1,-65,0,50,50,1,-1,-1,-1
948,-1,135,0,50,50,1,-1,-1,-1
949,-1,36,4,50,50,1,-1,-1,-1
949,-1,-64,4,50,50,1,-1,-1,-1
949,-1,136,4,50,50,1,-1,-1,-1
950,-1,36,9,50,50,1,-1,-1,-1
950,-1,-64,9,50,50,1,-1,-1,-1
950,-1,136,9,50,50,1,-1,-1,-1
951,-1,37,14,50,50,1,-1,-1,-1
951,-1,-63,14,50,50,1,-1,-1,-1
951,-1,137,14,50,50,1,-1,-1,-1
952,-1,39,19,50,50,1,-1,-1,-1
952,-1,-61,19,50,50,1,-1,-1,-1
952,-1,139,19,50,50,1,-1,-1,-1
953,-1,41,23,50,50,1,-1,-1,-1
953,-1,-59,23,50,50,1,-1,-1,-1
953,-1,141,23,50,50,1,-1,-1,-1
954,-1,44,28,50,50,1,-1,-1,-1
954,-1,-56,28,50,50,1,-1,-1,-1
954,-1,144,28,50,50,1,-1,-1,-1
955,-1,48,33,50,50,1,-1,-1,-1
955,-1,-52,33,50,50,1,-1,-1,-1
955,-1,148,33,50,50,1,-1,-1,-1
956,-1,52,37,50,50,1,-1,-1,-1
956,-1,-48,37,50,50,1,-1,-1,-1
956,-1,152,37,50,50,1,-1,-1,-1
957,-1,56,41,50,50,1,-1,-1,-1
957,-1,-44,41,50,50,1,-1,-1,-1
957,-1,156,41,50,50,1,-1,-1,-1
958,-1,61,45,50,50,1,-1,-1,-1
958,-1,-39,45,50,50,1,-1,-1,-1
958,-1,161,45,50,50,1,-1,-1,-1
959,-1,66,48,50,50,1,-1,-1,-1
959,-1,-34,48,50,50,1,-1,-1,-1
959,-1,166,48,50,50,1,-1,-1,-1
960,-1,70,52,50,50,1,-1,-1,-1
960,-1,-30,52,50,50,1,-1,-1,-1
960,-1,170,52,50,50,1,-1,-1,-1
961,-1,74,57,50,50,1,-1,-1,-1
961,-1,-26,57,50,50,1,-1,-1,-1
961,-1,174,57,50,50,1,-1,-1,-1
962,-1,78,61,50,50,1,-1,-1,-1
962,-1,-22,61,50,50,1,-1,-1,-1
962,-1,178,61,50,50,1,-1,-1,-1
963,-1,82,65,50,50,1,-1,-1,-1
963,-1,-18,65,50,50,1,-1,-1,-1
963,-1,182,65,50,50,1,-1,-1,-1
964,-1,86,70,50,50,1,-1,-1,-1
964,-1,-14,70,50,50,1,-1,-1,-1
964,-1,186,70,50,50,1,-1,-1,-1
965,-1,90,74,50,50,1,-1,-1,-1
965,-1,-10,74,50,50,1,-1,-1,-1
965,-1,190,74,50,50,1,-1,-1,-1
966,-1,93,78,50,50,1,-1,-1,-1
966,-1,-7,78,50,50,1,-1,-1,-1
966,-1,193,78,50,50,1,-1,-1,-1
967,-1,96,83,50,50,1,-1,-1,-1
967,-1,-4,83,50,50,1,-1,-1,-1
967,-1,196,83,50,50,1,-1,-1,-1
968,-1,99,87,50,50,1,-1,-1,-1
968,-1,-1,87,50,50,1,-1,-1,-1
968,-1,199,87,50,50,1,-1,-1,-1
969,-1,101,91,50,50,1,-1,-1,-1
969,-1,1,91,50,50,1,-1,-1,-1
969,-1,201,91,50,50,1,-1,-1,-1
970,-1,104,96,50,50,1,-1,-1,-1
970,-1,4,96,50,50,1,-1,-1,-1
970,-1,204,96,50,50,1,-1,-1,-1
971,-1,107,101,50,50,1,-1,-1,-1
971,-1,7,101,50,50,1,-1,-1,-1
971,-1,207,101,50,50,1,-1,-1,-1
972,-1,109,106,50,50,1,-1,-1,-1
972,-1,9,106,50,50,1,-1,-1,-1
972,-1,209,106,50,50,1,-1,-1,-1
973,-1,111,111,50,50,1,-1,-1,-1
973,-1,11,111,50,50,1,-1,-1,-1
973,-1,211,111,50,50,1,-1,-1,-1
974,-1,113,116,50,50,1,-1,-1,-1
974,-1,13,116,50,50,1,-1,-1,-1
974,-1,213,116,50,50,1,-1,-1,-1
975,-1,115,121,50,50,1,-1,-1,-1
975,-1,15,121,50,50,1,-1,-1,-1
975,-1,215,121,50,50,1,-1,-1,-1
976,-1,117,126,50,50,1,-1,-1,-1
976,-1,17,126,50,50,1,-1,-1,-1
976,-1,217,126,50,50,1,-1,-1,-1
977,-1,118,131,50,50,1,-1,-1,-1
977,-1,18,131,50,50,1,-1,-1,-1
977,-1,218,131,50,50,1,-1,-1,-1
978,-1,120,136,50,50,1,-1,-1,-1
978,-1,20,136,50,50,1,-1,-1,-1
978,-1,220,136,50,50,1,-1,-1,-1
979,-1,121,141,50,50,1,-1,-1,-1
979,-1,21,141,50,50,1,-1,-1,-1
979,-1,221,141,50,50,1,-1,-1,-1
980,-1,122,147,50,50,1,-1,-1,-1
980,-1,22,147,50,50,1,-1,-1,-1
980,-1,222,147,50,50,1,-1,-1,-1
981,-1,123,152,50,50,1,-1,-1,-1
981,-1,23,152,50,50,1,-1,-1,-1
981,-1,223,152,50,50,1,-1,-1,-1
982,-1,124,157,50,50,1,-1,-1,-1
982,-1,24,157,50,50,1,-1,-1,-1
982,-1,224,157,50,50,1,-1,-1,-1
983,-1,124,162,50,50,1,-1,-1,-1
983,-1,24,162,50,50,1,-1,-1,-1
983,-1,224,162,50,50,1,-1,-1,-1
984,-1,125,167,50,50,1,-1,-1,-1
984,-1,25,167,50,50,1,-1,-1,-1
984,-1,225,167,50,50,1,-1,-1,-1
985,-1,125,173,50,50,1,-1,-1,-1
985,-1,25,173,50,50,1,-1,-1,-1
985,-1,225,173,50,50,1,-1,-1,-1
986,-1,125,178,50,50,1,-1,-1,-1
986,-1,25,178,50,50,1,-1,-1,-1
986,-1,225,178,50,50,1,-1,-1,-1
987,-1,126,183,50,50,1,-1,-1,-1
987,-1,26,183,50,50,1,-1,-1,-1
987,-1,226,183,50,50,1,-1,-1,-1
988,-1,126,189,50,50,1,-1,-1,-1
988,-1,26,189,50,50,1,-1,-1,-1
988,-1,226,189,50,50,1,-1,-1,-1
989,-1,126,194,50,50,1,-1,-1,-1
989,-1,26,194,50,50,1,-1,-1,-1
989,-1,226,194,50,50,1,-1,-1,-1
990,-1,126,199,50,50,1,-1,-1,-1
990,-1,26,199,50,50,1,-1,-1,-1
990,-1,226,199,50,50,1,-1,-1,-1
991,-1,126,204,50,50,1,-1,-1,-1
991,-1,26,204,50,50,1,-1,-1,-1
991,-1,226,204,50,50,1,-1,-1,-1
992,-1,127,210,50,50,1,-1,-1,-1
992,-1,27,210,50,50,1,-1,-1,-1
992,-1,227,210,50,50,1,-1,-1,-1
993,-1,127,215,50,50,1,-1,-1,-1
993,-1,27,215,50,50,1,-1,-1,-1
993,-1,227,215,50,50,1,-1,-1,-1
994,-1,127,220,50,50,1,-1,-1,-1
994,-1,27,220,50,50,1,-1,-1,-1
994,-1,227,220,50,50,1,-1,-1,-1
995,-1,128,225,50,50,1,-1,-1,-1
995,-1,28,225,50,50,1,-1,-1,-1
995,-1,228,225,50,50,1,-1,-1,-1
996,-1,129,231,50,50,1,-1,-1,-1
996,-1,29,231,50,50,1,-1,-1,-1
996,-1,229,231,50,50,1,-1,-1,-1
997,-1,129,236,50,50,1,-1,-1,-1
997,-1,29,236,50,50,1,-1,-1,-1
997,-1,229,236,50,50,1,-1,-1,-1
998,-1,130,241,50,50,1,-1,-1,-1
998,-1,30,241,50,50,1,-1,-1,-1
998,-1,230,241,50,50,1,-1,-1,-1
999,-1,131,246,50,50,1,-1,-1,-1
999,-1,31,246,50,50,1,-1,-1,-1
999,-1,231,246,50,50,1,-1,-1,-1
1000,-1,132,251,50,50,1,-1,-1,-1
1000,-1,32,251,50,50,1,-1,-1,-1
1000,-1,232,251,50,50,1,-1,-1,-1
